4
8

0, 0.637071, 0.909297, -0.16693, -0.756802
-0.756802, -0.999765, -0.279415, 0.855296, 0.989358
0.989358, 0.669908, -0.544021, -0.951188, -0.536573
-0.536573, 0.124002, 0.990607, 0.38818, -0.287903
-0.287903, -0.832015, -0.750987, 0.443725, 0.912945
0.912945, 0.96368, -0.00885131, -0.968257, -0.905578
-0.905578, -0.427792, 0.762558, 0.822064, 0.270906
0.270906, -0.404433, -0.988032, -0.106417, 0.551427

-0.259407, 0.419685, 0.977706, 0.0971285, -0.58685
-0.547835, -0.967642, -0.505525, 0.689106, 1.00906
0.970214, 0.845843, -0.317896, -0.996784, -0.73529
-0.721799, -0.137934, 0.920823, 0.614331, -0.0488278
-0.0267705, -0.665491, -0.885921, 0.193731, 0.798958
0.756809, 1.00792, 0.237329, -0.8676, -0.995643
-0.962504, -0.652108, 0.575791, 0.940506, 0.503126
0.499814, -0.156192, -0.992482, -0.362631, 0.329184

-0.499278, 0.171484, 0.979222, 0.350365, -0.368981
-0.322332, -0.864166, -0.701618, 0.488441, 0.94967
0.895134, 0.958601, -0.0648673, -0.985571, -0.876548
-0.853509, -0.388946, 0.785791, 0.800675, 0.195566
0.219183, -0.4501, -0.962573, -0.060939, 0.620636
0.566517, 0.977362, 0.472445, -0.720955, -1.00726
-0.959425, -0.827345, 0.345692, 1.00369, 0.698499
0.684168, 0.102014, -0.931244, -0.593579, 0.0755301

-0.699593, -0.0888721, 0.917364, 0.577337, -0.114335
-0.081544, -0.702954, -0.84919, 0.256126, 0.840273
0.774745, 1.00183, 0.194774, -0.91378, -0.97085
-0.929571, -0.608748, 0.596536, 0.936341, 0.435845
0.442961, -0.206695, -0.973738, -0.311243, 0.403961
0.351376, 0.878675, 0.676499, -0.529867, -0.963586
-0.901268, -0.941514, 0.091124, 1.00448, 0.860182
0.824602, 0.349172, -0.805174, -0.787865, -0.178665

-0.847519, -0.342348, 0.796353, 0.764887, 0.151299
0.169928, -0.497739, -0.937224, 0.0036676, 0.679677
0.623351, 0.977073, 0.439022, -0.780373, -1.01858
-0.961654, -0.782338, 0.367209, 1.01215, 0.656207
0.643494, 0.045352, -0.917938, -0.54396, 0.161008
0.123465, 0.722922, 0.832668, -0.301505, -0.867917
-0.803437, -0.98974, -0.168258, 0.939167, 0.97747
0.927975, 0.568679, -0.62247, -0.932591, -0.421043

-0.93683, -0.571112, 0.622304, 0.902066, 0.402002
0.412086, -0.261486, -0.964956, -0.249611, 0.459145
0.432817, 0.894424, 0.64608, -0.585595, -1.01272
-0.95847, -0.903991, 0.116595, 1.01829, 0.843481
0.816354, 0.290562, -0.802051, -0.741802, -0.10232
-0.114168, 0.525431, 0.929484, -0.0467766, -0.716281
-0.670295, -0.976451, -0.41167, 0.805336, 1.03861
0.992295, 0.751131, -0.399357, -1.01265, -0.6449

-0.964783, -0.759557, 0.406136, 0.980213, 0.622571
0.622443, -0.0083743, -0.933033, -0.484474, 0.198095
0.193985, 0.76258, 0.80475, -0.342438, -0.926187
-0.90379, -0.97624, -0.1323, 0.945856, 0.987496
0.954856, 0.517523, -0.637181, -0.887912, -0.368517
-0.359666, 0.300035, 0.963399, 0.216119, -0.5041
-0.490768, -0.910029, -0.62076, 0.607198, 1.03
1.00301, 0.891862, -0.155815, -1.01678, -0.83657

-0.930605, -0.895419, 0.163498, 0.9935, 0.804064
0.78953, 0.245302, -0.839662, -0.686298, -0.0654142
-0.0718009, 0.583972, 0.915044, -0.0786767, -0.742523
-0.756923, -1.00099, -0.360589, 0.796128, 1.06386
1.04417, 0.718709, -0.436371, -0.968301, -0.613109
-0.59819, 0.0561636, 0.937343, 0.462595, -0.240927
-0.251483, -0.795383, -0.784253, 0.361251, 0.937864
0.935841, 0.986403, 0.0895529, -0.943257, -0.97467

-0.836261, -0.970668, -0.0881705, 0.940011, 0.935282
0.90884, 0.482653, -0.687094, -0.843276, -0.309003
-0.324971, 0.362003, 0.973498, 0.178426, -0.498625
-0.506068, -0.967899, -0.565482, 0.592845, 1.02932
1.04229, 0.88768, -0.215327, -0.973038, -0.816452
-0.806427, -0.197606, 0.854259, 0.670316, 0.0387989
0.0353913, -0.630315, -0.899607, 0.096713, 0.758464
0.768537, 1.026, 0.323672, -0.802844, -1.03592

-0.687332, -0.98159, -0.332086, 0.822765, 1.00341
0.972544, 0.688313, -0.486853, -0.944297, -0.531372
-0.542788, 0.109834, 0.966663, 0.414892, -0.258289
-0.210265, -0.858393, -0.75217, 0.373576, 0.877644
0.900291, 1.00884, 0.015939, -0.906644, -0.946321
-0.954098, -0.449807, 0.717319, 0.823687, 0.300151
0.324811, -0.412374, -0.965562, -0.156285, 0.519498
0.506769, 0.995766, 0.541158, -0.618281, -1.00244

-0.4928, -0.928279, -0.552612, 0.649955, 1.00119
0.970029, 0.849282, -0.255857, -0.980918, -0.728023
-0.723903, -0.150645, 0.885737, 0.624783, -0.0415468
0.0480355, -0.668259, -0.906768, 0.15865, 0.687105
0.643542, 1.05063, 0.262821, -0.79784, -0.958507
-0.989611, -0.683209, 0.535434, 0.913109, 0.529925
0.571927, -0.15116, -0.97282, -0.382635, 0.27579
0.208769, 0.881167, 0.74045, -0.416206, -0.876392

-0.264481, -0.814246, -0.735333, 0.434176, 0.930233
0.897023, 0.954741, -0.00992948, -0.95078, -0.879475
-0.86379, -0.397228, 0.7409, 0.798028, 0.184602
0.24794, -0.423078, -0.992125, -0.0633048, 0.547232
0.399468, 0.98483, 0.526241, -0.67746, -0.873767
-0.877848, -0.867262, 0.314504, 0.944477, 0.704081
0.747948, 0.129406, -0.912293, -0.580066, 0.0523599
-0.0445539, 0.685353, 0.910194, -0.207499, -0.699024

-0.0168282, -0.64645, -0.868055, 0.190994, 0.798126
0.760129, 0.996356, 0.236983, -0.858, -0.966573
-0.945086, -0.613094, 0.553784, 0.919412, 0.439194
0.433838, -0.164265, -0.984141, -0.308145, 0.43354
0.272603, 0.823921, 0.765221, -0.534495, -0.816588
-0.70026, -0.959559, 0.0473016, 0.945433, 0.78213
0.814896, 0.397877, -0.789896, -0.745107, -0.17705
-0.228905, 0.439324, 1.02094, 0.0224065, -0.529373

0.233456, -0.435361, -0.942174, -0.0626028, 0.61482
0.573011, 0.969785, 0.469746, -0.710505, -0.985653
-0.955194, -0.786044, 0.339856, 0.977751, 0.68427
0.635405, 0.0801831, -0.901283, -0.560154, 0.226346
0.200624, 0.627419, 0.909438, -0.316968, -0.867179
-0.639884, -0.940691, -0.255469, 0.929133, 0.809119
0.765889, 0.615756, -0.61222, -0.879444, -0.405872
-0.383332, 0.182925, 1.04453, 0.284551, -0.373868

0.468655, -0.194629, -0.953353, -0.309579, 0.392086
0.351125, 0.876373, 0.671687, -0.517724, -0.943344
-0.900061, -0.906063, 0.105384, 0.970979, 0.863597
0.820296, 0.307057, -0.781596, -0.774942, -0.119192
0.0140814, 0.451384, 0.934717, -0.00312567, -0.883474
-0.748133, -0.857293, -0.521024, 0.842729, 0.941389
0.738104, 0.745079, -0.367592, -0.998587, -0.568877
-0.516092, -0.0611506, 0.980557, 0.552511, -0.177539

0.671929, 0.0597236, -0.901427, -0.533985, 0.144257
0.10995, 0.723551, 0.827897, -0.290527, -0.84394
-0.79429, -0.965738, -0.140649, 0.902102, 0.959356
0.936664, 0.52185, -0.63701, -0.916569, -0.485565
-0.342467, 0.291415, 0.902291, 0.340053, -0.619573
-0.77414, -0.797877, -0.658721, 0.601925, 1.20103
0.934787, 0.791344, -0.0712744, -1.08634, -0.706985
-0.613196, -0.277857, 0.842612, 0.789365, 0.0689139

0.829089, 0.310448, -0.790112, -0.721792, -0.112201
-0.134957, 0.523518, 0.927934, -0.0422744, -0.68839
-0.645269, -0.962268, -0.37976, 0.774547, 0.990303
0.970963, 0.718035, -0.44867, -0.981103, -0.720733
-0.719963, 0.0918866, 0.885467, 0.601894, -0.0776602
-0.404437, -0.789327, -0.684906, 0.220801, 1.26459
1.26541, 0.83799, 0.176315, -1.04307, -1.00902
-0.797345, -0.4453, 0.630491, 0.991514, 0.298563

0.929772, 0.540408, -0.626734, -0.861454, -0.360114
-0.368619, 0.291119, 0.965821, 0.210926, -0.482644
-0.453227, -0.897595, -0.590898, 0.593812, 0.969906
0.942444, 0.874748, -0.206799, -0.98314, -0.807625
-0.931919, -0.181873, 0.8684, 0.735661, 0.400714
0.291761, -0.732157, -0.744226, -0.132526, 0.783992
1.21678, 0.973095, 0.277011, -0.772223, -1.42887
-1.24056, -0.583096, 0.369045, 1.13355, 0.538684

0.967996, 0.733959, -0.421848, -0.944309, -0.582887
-0.577424, 0.0421329, 0.939223, 0.451313, -0.241589
-0.222977, -0.776375, -0.759465, 0.371693, 0.890429
0.860989, 0.970333, 0.0628553, -0.931225, -0.851284
-0.954073, -0.491189, 0.760829, 0.796585, 0.514782
0.83131, -0.489947, -0.929446, -0.287567, -0.0153798
0.426691, 1.13455, 0.323892, -0.373836, -1.42333
-1.68186, -0.793378, 0.164408, 1.09069, 0.948045

0.942173, 0.87816, -0.188681, -0.964957, -0.765601
-0.749036, -0.207585, 0.849641, 0.661354, 0.0151609
0.0299049, -0.60457, -0.877556, 0.126259, 0.745358
0.717771, 0.9938, 0.318578, -0.823655, -0.92456
-0.906697, -0.751203, 0.518665, 0.863866, 0.384208
0.84608, -0.0615899, -1.11223, -0.282044, -0.389175
-0.620658, 1.08824, 0.566859, -0.146884, -0.597773
-1.34894, -1.12876, 0.103874, 0.781116, 1.433

0.854733, 0.963636, 0.05755, -0.921693, -0.896216
-0.872282, -0.442457, 0.703054, 0.82572, 0.268655
0.283283, -0.390422, -0.939228, -0.122842, 0.547867
0.513579, 0.945229, 0.535833, -0.661594, -0.988904
-0.881769, -0.903313, 0.209937, 0.946594, 0.400833
0.526866, 0.372191, -1.05627, -0.345731, 0.0226876
-0.906791, 0.669756, 1.0487, -0.252612, 0.356832
0.0258368, -1.37694, 0.0452235, 0.444328, 1.41544

0.71162, 0.985055, 0.300477, -0.816876, -0.966555
-0.938092, -0.647594, 0.509802, 0.932886, 0.502424
0.515213, -0.146501, -0.939341, -0.358891, 0.321315
0.274605, 0.831015, 0.711911, -0.456429, -0.967447
-0.857203, -0.95338, -0.0593385, 0.982599, 0.734831
0.393177, 0.61084, -0.71522, -0.633436, 0.586078
-0.121634, 0.0570715, 1.38491, -0.413014, 0.127351
1.2132, -1.16197, -0.328992, 0.528213, 0.534309

0.521889, 0.941294, 0.523685, -0.65708, -0.972606
-0.941012, -0.809567, 0.283638, 0.976058, 0.702234
0.707644, 0.109848, -0.876531, -0.569125, 0.0820734
0.0341658, 0.661728, 0.846483, -0.22378, -0.840379
-0.771417, -0.945634, -0.255662, 0.914163, 1.13904
0.679495, 0.633291, -0.323313, -1.02241, 0.341661
0.745816, -0.313029, 1.15476, -0.140599, -1.34466
0.484947, -0.461482, -1.04979, 1.03798, -0.390956

0.297421, 0.835381, 0.711993, -0.452849, -0.914339
-0.880183, -0.917448, 0.0404562, 0.953344, 0.856001
0.847955, 0.358681, -0.755151, -0.743157, -0.161879
-0.190623, 0.452304, 0.93014, 0.0235152, -0.644689
-0.612977, -0.912817, -0.426234, 0.742041, 1.26838
1.10582, 0.607442, -0.133215, -1.23078, -0.777662
0.462144, -0.194981, 0.519885, 0.649954, -2.1522
-1.88197, 0.0995549, -1.5628, 1.19142, 0.0891921

0.0525424, 0.674267, 0.852666, -0.218014, -0.795571
-0.759498, -0.963843, -0.203087, 0.867403, 0.953839
0.92945, 0.58103, -0.584129, -0.871328, -0.40092
-0.39931, 0.220203, 0.951748, 0.273697, -0.415925
-0.410919, -0.853875, -0.614314, 0.509693, 1.06333
1.25312, 0.702411, -0.127321, -1.11728, -1.7761
-0.946911, 0.139013, 0.168627, 1.40811, -0.580929
-3.01663, -0.16796, -1.23831, 0.219662, 1.97158

-0.19666, 0.468429, 0.936339, 0.0313842, -0.623925
-0.58729, -0.94562, -0.430983, 0.724897, 0.988265
0.95011, 0.761695, -0.374964, -0.94455, -0.618455
-0.592586, -0.0188865, 0.908352, 0.510424, -0.165048
-0.18024, -0.748107, -0.801192, 0.258875, 0.743917
1.01342, 0.916593, -0.0633032, -0.810352, -1.73709
-2.16775, 0.128542, 0.480572, 1.48586, 2.27172
-0.60197, -1.03956, -0.282508, -1.40101, 2.97982

-0.433392, 0.231297, 0.957594, 0.278383, -0.410589
-0.375665, -0.864137, -0.628922, 0.535863, 0.955394
0.91032, 0.890098, -0.140752, -0.955741, -0.794637
-0.761332, -0.253653, 0.804988, 0.712446, 0.0986439
0.0822756, -0.580071, -0.933936, 0.010532, 0.513911
0.607452, 1.09563, 0.224365, -0.543862, -0.842217
-2.08812, -0.480372, 0.964519, 0.868599, 3.27918
3.64265, -1.33937, 0.211745, -2.06951, 1.01018

-0.641441, -0.0215153, 0.91521, 0.5064, -0.169702
-0.139404, -0.725028, -0.784774, 0.313024, 0.856801
0.812068, 0.959545, 0.10402, -0.901982, -0.912991
-0.887282, -0.475103, 0.649676, 0.860018, 0.351626
0.360048, -0.352663, -0.982239, -0.225756, 0.380128
0.274324, 1.09126, 0.643981, -0.420629, -0.0740639
-0.941112, -1.31743, 0.809575, 0.224196, 1.11183
5.13238, -0.236575, -0.522012, -0.886426, -2.67944

-0.806527, -0.273196, 0.812131, 0.700378, 0.0826019
0.105373, -0.537687, -0.8888, 0.0710007, 0.700284
0.66028, 0.966236, 0.343605, -0.786029, -0.965113
-0.95055, -0.672015, 0.452069, 0.942004, 0.569062
0.606754, -0.0858608, -0.952451, -0.441384, 0.240082
0.0619655, 0.882009, 0.964511, -0.359901, -0.110234
0.144582, -1.71286, -0.0837182, 0.199453, -1.75781
1.73884, 1.56071, -1.80597, 0.929558, -4.11464

-0.917464, -0.506875, 0.655213, 0.847682, 0.329353
0.342412, -0.314615, -0.934059, -0.174522, 0.49853
0.464343, 0.909192, 0.561382, -0.61623, -0.951816
-0.939163, -0.828978, 0.224875, 0.957892, 0.739756
0.780538, 0.191008, -0.860692, -0.62904, 0.0418597
-0.108084, 0.559729, 1.04679, -0.231946, -0.733988
0.380901, -1.34346, -0.937232, 0.764985, -1.83123
-3.13866, 2.35432, -2.06703, 1.1309, -1.236

-0.96696, -0.706834, 0.454787, 0.938787, 0.554015
0.556273, -0.070655, -0.917109, -0.407664, 0.266613
0.237966, 0.791212, 0.741066, -0.404998, -0.8798
-0.855766, -0.929715, -0.016426, 0.913918, 0.862941
0.873919, 0.44745, -0.713307, -0.784113, -0.186681
-0.28355, 0.239349, 0.937868, 0.00804979, -1.22071
-0.128278, -0.548393, -1.03122, 1.2914, 1.14604
-4.0611, 1.34118, -0.642349, -0.91471, 3.03506

-0.952004, -0.859636, 0.22406, 0.96777, 0.741693
0.733124, 0.177923, -0.838687, -0.613258, 0.0199643
-0.00257111, 0.619937, 0.868967, -0.166973, -0.755857
-0.715547, -0.963272, -0.25533, 0.817045, 0.938134
0.905779, 0.658267, -0.515833, -0.900751, -0.414531
-0.440006, -0.00783861, 0.788442, 0.311556, -1.05501
-0.78057, -0.0112049, -0.540973, 1.1904, 3.82875
0.201467, -0.365866, 1.29933, -3.22187, 3.68408

-0.87388, -0.955074, -0.0216838, 0.932668, 0.880109
0.861511, 0.414499, -0.703976, -0.777794, -0.22641
-0.240698, 0.407798, 0.936239, 0.082146, -0.584252
-0.535776, -0.927951, -0.475195, 0.671915, 0.962273
0.894817, 0.807995, -0.287681, -0.968235, -0.648353
-0.556878, -0.168291, 0.715377, 0.607474, -0.277578
-1.02218, -0.127651, -0.24644, 0.431325, 3.24922
5.14078, -0.8895, 1.94749, -3.2646, -0.540342

-0.737939, -0.986854, -0.266066, 0.835653, 0.960254
0.933072, 0.623297, -0.522244, -0.89032, -0.45771
-0.461362, 0.170415, 0.939616, 0.325992, -0.370294
-0.327096, -0.830225, -0.660236, 0.48304, 0.930726
0.847122, 0.893525, -0.0566859, -0.973167, -0.887089
-0.676791, -0.277803, 0.718952, 0.846908, 0.63882
-0.577347, -0.656399, -0.565296, -0.493033, 0.143401
5.53032, 0.361874, 0.835048, -0.815323, -5.3842

-0.553206, -0.952976, -0.492759, 0.682993, 0.976806
0.943091, 0.790542, -0.305915, -0.943235, -0.659074
-0.651573, -0.0757087, 0.880554, 0.547888, -0.125653
-0.0955622, -0.680472, -0.79854, 0.259455, 0.836077
0.761063, 0.923554, 0.161408, -0.905249, -1.0694
-0.85912, -0.404441, 0.693949, 0.994913, 1.15231
0.446074, -0.960393, -1.13296, -1.01048, -2.2109
1.0475, 2.08055, -0.672013, 1.76608, -5.73726

-0.331845, -0.855808, -0.686645, 0.484726, 0.928426
0.890771, 0.905377, -0.0694474, -0.932885, -0.816306
-0.799723, -0.314833, 0.764158, 0.731955, 0.13108
0.148419, -0.48953, -0.884915, 0.0166458, 0.670854
0.632076, 0.911666, 0.371673, -0.762763, -1.10239
-1.07432, -0.606089, 0.524163, 1.02137, 1.03636
1.49621, -0.596901, -1.33113, -0.908569, -1.7951
-3.76093, 2.5005, -0.888127, 2.0871, -1.24622

-0.0884389, -0.701885, -0.834854, 0.254028, 0.818031
0.779233, 0.960415, 0.171638, -0.859932, -0.917847
-0.895122, -0.532362, 0.598747, 0.865024, 0.378925
0.386166, -0.268029, -0.919178, -0.22634, 0.440315
0.451875, 0.863587, 0.582496, -0.556929, -0.957052
-1.17341, -0.870665, 0.193776, 0.9268, 0.558453
1.85907, 0.288945, -0.994529, -0.458275, 0.302572
-4.54572, 1.20204, 0.444625, 0.1746, 3.50079

0.160937, -0.501436, -0.927576, 0.00631775, 0.652886
0.615409, 0.952005, 0.40152, -0.729414, -0.956825
-0.929408, -0.714669, 0.395508, 0.93847, 0.598873
0.596452, -0.0274298, -0.900268, -0.451628, 0.174232
0.214576, 0.768358, 0.779184, -0.313188, -0.722923
-1.00837, -1.09581, -0.186219, 0.769074, 0.26092
1.27711, 1.10959, -0.478567, -0.16921, 1.59947
-1.3205, -0.620028, 2.03289, -1.77219, 4.04526

0.399775, -0.267717, -0.95864, -0.241821, 0.444226
0.409928, 0.8804, 0.604915, -0.550374, -0.931663
-0.899308, -0.849505, 0.167578, 0.948854, 0.775048
0.763315, 0.218923, -0.822941, -0.645001, -0.0815895
-0.0651415, 0.606062, 0.920581, -0.0643979, -0.541803
-0.604823, -1.15246, -0.472647, 0.635502, 0.473148
0.285349, 1.3581, -0.170246, -0.370756, 0.928893
2.28404, -1.478, 2.44989, -1.76185, 0.470151

0.612218, -0.0161665, -0.925927, -0.473794, 0.206268
0.176731, 0.749961, 0.768169, -0.335046, -0.845089
-0.808121, -0.92731, -0.0709328, 0.897152, 0.895096
0.877265, 0.45515, -0.682625, -0.795499, -0.294419
-0.341253, 0.371209, 0.967927, 0.164374, -0.471504
-0.187561, -0.993205, -0.613698, 0.5661, 1.01348
-0.223273, 1.01968, -0.108077, -0.944804, -0.816374
2.98157, -0.965704, 1.4639, 0.14798, -3.28139

0.784082, 0.236556, -0.831583, -0.674134, -0.0451124
-0.0679982, 0.569197, 0.880368, -0.0977779, -0.702991
-0.66419, -0.942596, -0.305106, 0.787547, 0.952378
0.931385, 0.662805, -0.48499, -0.894596, -0.467507
-0.55659, 0.091446, 0.918165, 0.368284, -0.423115
0.010062, -0.703957, -0.673985, 0.504605, 1.38627
0.170404, 0.524989, -0.068311, -1.43226, -2.05513
0.608363, 0.0948999, 0.0412629, 2.21772, -3.67736

0.903788, 0.473648, -0.681946, -0.829546, -0.293504
-0.307532, 0.350316, 0.934082, 0.145956, -0.514279
-0.477911, -0.894489, -0.519036, 0.626961, 0.947633
0.920529, 0.822788, -0.250093, -0.936502, -0.629442
-0.68545, -0.180482, 0.80598, 0.55812, -0.249304
-0.0254839, -0.439652, -0.745897, 0.342385, 1.25338
1.03878, 0.339807, 0.121554, -1.42282, -2.05518
-2.44744, 0.59408, -0.699604, 2.82597, -0.702527

0.963229, 0.67929, -0.48707, -0.929769, -0.522675
-0.526169, 0.108195, 0.925686, 0.380321, -0.29124
-0.260374, -0.78647, -0.696847, 0.42541, 0.886249
0.845974, 0.920093, -0.00524546, -0.918515, -0.795673
-0.755773, -0.399795, 0.671785, 0.738855, 0.101276
-0.0688538, -0.296197, -0.853592, 0.0265067, 0.696409
1.54091, 0.585785, 0.428692, -0.88599, -1.22194
-3.75683, 0.0985336, -0.429912, 1.79431, 2.79988

0.958426, 0.839754, -0.259924, -0.968221, -0.717269
-0.710003, -0.140924, 0.855534, 0.589818, -0.048969
-0.0244585, -0.62595, -0.825398, 0.196164, 0.772531
0.718355, 0.94913, 0.227705, -0.840344, -0.940259
-0.819592, -0.559059, 0.528909, 0.890929, 0.521791
0.120956, -0.235336, -0.943978, -0.371995, 0.0715579
1.17591, 0.99558, 0.709156, -0.167259, -0.380224
-2.70377, -0.951503, 0.308583, 0.228123, 4.07888

0.889832, 0.944347, -0.0154969, -0.942394, -0.863951
-0.847096, -0.380582, 0.728145, 0.760252, 0.196322
0.214042, -0.423964, -0.896938, -0.0451641, 0.607649
0.552425, 0.914874, 0.438888, -0.703746, -1.00909
-0.894723, -0.685316, 0.361609, 0.975424, 0.836122
0.560135, -0.129342, -0.949725, -0.702285, -0.314393
0.151283, 1.17602, 0.868627, 0.312439, -0.0352586
-0.468356, -1.75755, 0.718302, -0.617951, 2.64602

0.762173, 0.986119, 0.230088, -0.854, -0.952816
-0.92797, -0.594967, 0.552136, 0.879969, 0.428911
0.437796, -0.194515, -0.909391, -0.282289, 0.395058
0.358015, 0.827635, 0.625312, -0.514425, -0.964153
-0.937273, -0.806208, 0.151307, 0.962228, 0.944092
1.01861, 0.118233, -0.844917, -0.853583, -0.393218
-0.862023, 0.919011, 0.918715, 0.374542, -0.168011
1.25276, -1.81158, 0.398279, -0.309657, 0.128625

0.583988, 0.962299, 0.46049, -0.708865, -0.97831
-0.946769, -0.769758, 0.339572, 0.940959, 0.634071
0.631216, 0.0468095, -0.864146, -0.499684, 0.148302
0.138194, 0.695376, 0.780533, -0.285217, -0.816359
-0.877187, -0.916283, -0.0976051, 0.85615, 0.887231
1.22385, 0.482947, -0.649764, -0.840603, -0.304819
-1.27572, 0.326451, 0.918807, 0.173499, -0.460463
1.50639, -1.18327, -0.449261, 0.637035, -1.43102

0.367031, 0.874473, 0.660248, -0.516579, -0.939201
-0.902349, -0.893178, 0.104813, 0.93936, 0.798027
0.782675, 0.28448, -0.763801, -0.683268, -0.108063
-0.101903, 0.520723, 0.890048, -0.0365231, -0.616476
-0.684498, -0.974658, -0.354538, 0.695523, 0.792479
1.08715, 0.832931, -0.404334, -0.779524, -0.258411
-0.983679, -0.296834, 0.896484, 0.0352758, -0.601971
0.508302, -0.352351, -1.2785, 1.32912, -1.13467

0.125622, 0.728495, 0.815974, -0.289894, -0.838059
-0.798285, -0.957054, -0.136688, 0.875391, 0.908684
0.883945, 0.503968, -0.612322, -0.820847, -0.347277
-0.345159, 0.305876, 0.936721, 0.208485, -0.414757
-0.40252, -0.936162, -0.57979, 0.523195, 0.761025
0.758089, 1.0271, -0.146699, -0.781227, -0.399907
-0.376751, -0.665345, 0.826434, 0.200365, -0.448589
-0.76922, 0.182494, -1.6264, 1.18995, 0.415334

-0.124178, 0.534112, 0.917384, -0.0438828, -0.681038
-0.641828, -0.957443, -0.369268, 0.753136, 0.957446
0.928373, 0.691725, -0.41733, -0.902969, -0.55144
-0.563608, 0.0608677, 0.910803, 0.431105, -0.226979
-0.117559, -0.788498, -0.74484, 0.355588, 0.795953
0.48583, 1.01578, 0.0948157, -0.857113, -0.731482
-0.0210371, -0.691296, 0.674379, 0.656858, -0.0194729
-1.34614, 0.21703, -1.38888, 0.283272, 1.86255

-0.365669, 0.304282, 0.957906, 0.20508, -0.47811
-0.442897, -0.894607, -0.577714, 0.580477, 0.941004
0.910731, 0.835047, -0.191825, -0.924134, -0.714743
-0.731175, -0.193049, 0.815895, 0.620808, -0.0341207
0.105356, -0.564316, -0.841993, 0.176912, 0.812074
0.420371, 0.868126, 0.304254, -0.913214, -1.10613
-0.242612, -0.517222, 0.450073, 1.15949, 0.561282
-0.804949, -0.0885018, -0.81693, -0.840663, 2.14518

-0.582762, 0.0542798, 0.93491, 0.440425, -0.242984
-0.213871, -0.772624, -0.748037, 0.368936, 0.86174
0.829639, 0.922873, 0.0468943, -0.88358, -0.83676
-0.836229, -0.428894, 0.666769, 0.772387, 0.188698
0.263989, -0.319558, -0.880476, -0.0374989, 0.707521
0.509683, 0.712049, 0.479887, -0.830464, -1.31131
-0.90189, -0.398487, 0.209862, 1.40576, 1.09845
0.551724, -0.364462, -0.305544, -1.56131, 1.10427

-0.761126, -0.199326, 0.849794, 0.646493, 0.00798649
0.0302817, -0.599126, -0.868513, 0.132973, 0.726529
0.690358, 0.947646, 0.280608, -0.784997, -0.91342
-0.882678, -0.624307, 0.481685, 0.879837, 0.440562
0.405744, -0.0968018, -0.874277, -0.289848, 0.442362
0.557065, 0.6363, 0.630599, -0.562817, -1.20617
-1.50657, -0.518444, 0.0057828, 1.24578, 1.36927
1.92688, -0.283959, -0.1393, -1.56509, -0.583536

-0.889042, -0.439734, 0.708016, 0.809567, 0.257679
0.272659, -0.38523, -0.930795, -0.111359, 0.544921
0.504973, 0.907209, 0.493387, -0.635412, -0.93466
-0.880033, -0.76858, 0.275126, 0.933353, 0.685275
0.575545, 0.0974774, -0.830051, -0.547214, 0.0718935
0.383065, 0.628136, 0.76428, -0.177609, -0.823216
-1.57454, -0.857031, -0.162487, 0.784258, 1.23984
2.4939, 0.231258, -0.334071, -0.991539, -1.92404

-0.958022, -0.650978, 0.518954, 0.918781, 0.489834
0.496226, -0.145238, -0.930754, -0.347884, 0.327932
0.289199, 0.805426, 0.672667, -0.444116, -0.890349
-0.83262, -0.861361, 0.0557036, 0.922624, 0.87015
0.769804, 0.285523, -0.742505, -0.757646, -0.286171
-0.0322599, 0.589956, 0.874555, 0.189157, -0.355921
-0.982728, -1.20041, -0.339317, 0.304605, 0.800676
1.89823, 0.955928, -0.643037, -0.312645, -2.20482

-0.963321, -0.818978, 0.295343, 0.966857, 0.689799
0.685873, 0.104341, -0.868771, -0.561352, 0.0880463
0.0581528, 0.651084, 0.808456, -0.22239, -0.778365
-0.736961, -0.905242, -0.170099, 0.843538, 0.958259
0.933064, 0.488552, -0.600218, -0.881777, -0.52762
-0.529641, 0.419953, 0.936727, 0.426181, -0.0322697
-0.055381, -1.28828, -0.556603, 0.0679647, 0.363756
0.525054, 1.49368, -0.719858, -0.0276777, -1.38638

-0.904392, -0.932506, 0.0522731, 0.950613, 0.844701
0.829622, 0.346394, -0.749451, -0.737989, -0.160048
-0.175619, 0.455754, 0.892416, 0.0160952, -0.607877
-0.587917, -0.899018, -0.391973, 0.702453, 0.94969
0.997981, 0.699167, -0.398319, -0.915033, -0.627934
-0.88409, 0.0961462, 0.919286, 0.518929, 0.0418643
0.664531, -1.0006, -0.788118, 0.129204, 0.250958
-0.698805, 1.53347, -0.354513, -0.336927, -0.116264

-0.785099, -0.983984, -0.194035, 0.871179, 0.943886
0.918753, 0.564833, -0.580935, -0.866003, -0.399231
-0.400642, 0.231945, 0.918137, 0.255134, -0.396249
-0.387474, -0.837076, -0.593042, 0.514732, 0.875821
0.934901, 0.877866, -0.149482, -0.883828, -0.651586
-0.965128, -0.298133, 0.805974, 0.548487, -0.041527
0.797394, -0.452286, -0.960397, 0.302039, 0.522032
-0.92666, 1.07146, 0.362644, -0.991778, 0.667484

-0.613518, -0.969999, -0.427358, 0.733891, 0.980002
0.947605, 0.745677, -0.374136, -0.93643, -0.611367
-0.603621, -0.00746142, 0.882447, 0.477124, -0.163099
-0.149718, -0.714823, -0.753212, 0.299099, 0.772083
0.771435, 0.976263, 0.115269, -0.820135, -0.696355
-0.824706, -0.626358, 0.612906, 0.620041, -0.0590337
0.395219, 0.0776123, -1.00853, 0.300779, 0.892105
-0.0323016, 0.432071, 1.07526, -1.44583, 0.361485

-0.401272, -0.891517, -0.632406, 0.54789, 0.950214
0.913797, 0.877484, -0.142186, -0.944181, -0.780292
-0.768701, -0.248556, 0.786677, 0.665535, 0.0742681
0.100861, -0.535471, -0.856344, 0.0720977, 0.652117
0.569036, 0.968743, 0.358378, -0.735743, -0.811681
-0.648333, -0.790938, 0.38513, 0.775326, 0.17293
-0.0964835, 0.339097, -0.925708, -0.040676, 0.94017
1.24011, 0.0473631, 1.39579, -1.23891, -0.843895

-0.162584, -0.753784, -0.795643, 0.325499, 0.856757
0.818905, 0.951591, 0.0999476, -0.888754, -0.894764
-0.880513, -0.475675, 0.637059, 0.807544, 0.30247
0.336725, -0.313007, -0.895711, -0.15413, 0.504005
0.378844, 0.868177, 0.553353, -0.616747, -0.952634
-0.607072, -0.797643, 0.170859, 0.9551, 0.642812
-0.167479, 0.289919, -0.76616, -0.631268, 0.450181
1.79447, 0.139804, 1.18511, -0.352995, -2.04254

0.0867579, -0.565963, -0.906109, 0.0814289, 0.706507
0.668948, 0.962618, 0.336049, -0.774217, -0.949419
-0.929079, -0.672016, 0.444234, 0.89526, 0.51133
0.536573, -0.0693934, -0.873827, -0.370438, 0.309214
0.212515, 0.714553, 0.695325, -0.441278, -1.00881
-0.723675, -0.743598, -0.00942954, 1.04083, 1.12747
0.365446, 0.124886, -0.602534, -1.1722, -0.395193
1.01506, 0.546572, 0.664849, 0.737498, -2.24348

0.330368, -0.340529, -0.956259, -0.168141, 0.509922
0.474161, 0.909231, 0.549786, -0.60855, -0.943293
-0.912723, -0.822009, 0.222167, 0.92498, 0.691809
0.691296, 0.172042, -0.797781, -0.56748, 0.0659954
0.0467885, 0.546608, 0.795596, -0.204486, -0.890462
-0.857044, -0.736681, -0.173869, 0.945039, 1.34315
1.1963, 0.125823, -0.472345, -1.36564, -1.12854
-0.723544, 0.831655, 0.262493, 1.38724, -1.12306

0.552196, -0.0924513, -0.942631, -0.406603, 0.279973
0.248001, 0.794758, 0.726315, -0.402785, -0.877557
-0.836775, -0.914397, -0.0133186, 0.895551, 0.833542
0.802433, 0.393029, -0.674565, -0.733156, -0.201989
-0.147743, 0.378702, 0.864044, 0.0697033, -0.604178
-0.817544, -0.807517, -0.357714, 0.680972, 1.16149
1.73921, 0.438031, -0.353175, -1.13392, -1.33634
-2.28487, 0.615189, 0.292574, 1.25094, 0.681065

0.737489, 0.161784, -0.866175, -0.618036, 0.0314168
0.00581562, 0.627131, 0.853801, -0.170291, -0.75471
-0.709497, -0.944124, -0.24625, 0.807651, 0.923729
0.873597, 0.583095, -0.509908, -0.852641, -0.455942
-0.377734, 0.199305, 0.894636, 0.338132, -0.253925
-0.520889, -0.883252, -0.573646, 0.356262, 0.722183
1.57216, 0.942854, -0.185587, -0.682912, -0.970278
-2.59635, -0.123275, 0.711323, 0.549745, 1.99545

0.873789, 0.40527, -0.732136, -0.788318, -0.219714
-0.236393, 0.418065, 0.924298, 0.0738164, -0.579984
-0.538845, -0.911875, -0.461962, 0.664813, 0.949459
0.901231, 0.737459, -0.310363, -0.911735, -0.660384
-0.616327, -0.0101248, 0.867448, 0.560298, 0.0356884
-0.0573761, -0.84514, -0.787049, 0.0943406, 0.337938
0.777901, 1.332, 0.0703357, -0.351383, -0.397464
-1.46856, -1.0021, 1.13635, -0.0808761, 1.96804

0.951881, 0.621812, -0.549573, -0.906113, -0.456795
-0.462893, 0.181794, 0.933835, 0.313377, -0.363484
-0.332527, -0.821894, -0.64772, 0.475204, 0.903379
0.872863, 0.851869, -0.0859342, -0.90224, -0.796549
-0.814008, -0.251787, 0.765772, 0.716153, 0.209502
0.37555, -0.625154, -0.931475, -0.0541065, 0.249982
-0.100892, 1.33713, 0.386768, -0.351471, -0.136657
0.217931, -1.5016, 1.1288, -0.0652084, 0.722515

0.966521, 0.797007, -0.330642, -0.963629, -0.663693
-0.658953, -0.066138, 0.88209, 0.532231, -0.120751
-0.100646, -0.679948, -0.792424, 0.252265, 0.789104
0.775709, 0.918305, 0.148993, -0.826104, -0.865032
-0.923289, -0.501041, 0.592914, 0.809224, 0.310135
0.61741, -0.264757, -0.956232, -0.139087, 0.42775
-0.478322, 0.9414, 0.671789, -0.599433, -0.453713
1.14021, -1.34945, 0.535737, 0.662132, -0.697222

0.916815, 0.919209, -0.0897873, -0.957108, -0.826168
-0.811576, -0.309749, 0.772164, 0.71551, 0.129271
0.142049, -0.49308, -0.886237, 0.0131233, 0.62149
0.609451, 0.925301, 0.376732, -0.694948, -0.879418
-0.92415, -0.715376, 0.373932, 0.855921, 0.425782
0.649562, 0.110561, -0.866632, -0.258446, 0.58892
-0.188976, 0.402418, 0.832076, -0.778055, -1.11829
0.548659, -0.737499, -0.3668, 1.57518, -1.08739

0.806204, 0.980299, 0.157127, -0.887021, -0.933192
-0.910366, -0.533267, 0.610658, 0.850893, 0.367813
0.376785, -0.271055, -0.921206, -0.224494, 0.420368
0.392401, 0.863558, 0.578639, -0.524567, -0.85515
-0.835834, -0.855862, 0.141694, 0.86975, 0.607874
0.587272, 0.379453, -0.719512, -0.470147, 0.437591
0.383064, 0.0582694, 0.847572, -0.592573, -1.54402
-1.09684, -0.189588, -1.05504, 1.93218, -0.0142704

0.642129, 0.976221, 0.393755, -0.758011, -0.977838
-0.948432, -0.721844, 0.407805, 0.929517, 0.57923
0.584275, -0.0278627, -0.893065, -0.444953, 0.202026
0.154951, 0.733302, 0.73809, -0.328082, -0.79839
-0.705264, -0.906747, -0.0799124, 0.850202, 0.827774
0.579011, 0.505428, -0.57532, -0.74099, -0.0762584
0.623127, 0.0642805, 0.788811, -0.0191908, -1.25275
-2.41852, -0.158585, -1.14637, 1.34951, 1.79022

0.435476, 0.907246, 0.604311, -0.578603, -0.957563
-0.923088, -0.862553, 0.177181, 0.946433, 0.751792
0.748927, 0.218588, -0.80314, -0.635583, -0.0248012
-0.0752986, 0.547706, 0.843499, -0.113076, -0.70094
-0.575935, -0.880961, -0.282433, 0.782532, 1.00018
0.695813, 0.549421, -0.449112, -0.968825, -0.702611
0.190774, 0.272691, 0.75184, 0.659781, -0.305717
-2.19451, -0.656028, -0.703417, 0.135313, 2.92485

0.199875, 0.777952, 0.774665, -0.360678, -0.874048
-0.836132, -0.945568, -0.0652774, 0.900708, 0.876574
0.861161, 0.449052, -0.658827, -0.785866, -0.255221
-0.285152, 0.329042, 0.890168, 0.114918, -0.546584
-0.457394, -0.808349, -0.466644, 0.648921, 1.04497
0.885545, 0.60976, -0.305326, -1.0552, -1.09286
-0.706613, 0.357707, 0.765918, 1.07004, 0.692433
-0.392431, -1.22111, -0.19882, -0.908955, 2.3989

-0.0491188, 0.596927, 0.893384, -0.11872, -0.732848
-0.693626, -0.965177, -0.302818, 0.795344, 0.946055
0.916845, 0.646506, -0.472035, -0.886406, -0.480255
-0.475206, 0.0996339, 0.879575, 0.345693, -0.327508
-0.319893, -0.714278, -0.631642, 0.44501, 0.93783
1.01242, 0.739817, -0.1005, -0.970627, -1.08077
-1.48716, 0.0872536, 0.764368, 1.03601, 1.07719
1.72526, -1.28219, -0.140724, -1.10482, 0.473347

-0.294973, 0.376203, 0.952572, 0.131147, -0.543039
-0.505288, -0.920301, -0.519472, 0.637123, 0.954069
0.914951, 0.79862, -0.256524, -0.92912, -0.682069
-0.64821, -0.125945, 0.816143, 0.560671, -0.0598079
-0.122352, -0.602811, -0.768389, 0.190903, 0.719912
0.949071, 0.90546, 0.166884, -0.767956, -0.800209
-1.6552, -0.481184, 0.651908, 0.709193, 0.699497
2.59574, -0.634032, -0.646722, -0.452258, -1.46493

-0.521268, 0.13046, 0.948389, 0.372264, -0.31686
-0.283675, -0.814381, -0.701242, 0.436337, 0.897471
0.855624, 0.897932, -0.0258455, -0.908944, -0.837235
-0.79659, -0.341706, 0.703775, 0.736362, 0.215841
0.145586, -0.45663, -0.860883, -0.0728592, 0.469179
0.663657, 1.00991, 0.445549, -0.541475, -0.549586
-1.16863, -1.04118, 0.403215, 0.431873, 0.0624436
1.65875, 0.370093, -1.32646, 0.352263, -1.98635

-0.712845, -0.123954, 0.881236, 0.588579, -0.0691776
-0.0433242, -0.654799, -0.836709, 0.206274, 0.778372
0.740264, 0.940257, 0.206998, -0.825925, -0.926237
-0.899852, -0.543806, 0.545205, 0.853156, 0.452676
0.441525, -0.25508, -0.892439, -0.304388, 0.255231
0.24954, 0.963843, 0.667448, -0.36463, -0.535808
-0.436594, -1.27767, 0.0924698, 0.455521, -0.133126
-0.162269, 1.0913, -1.59337, 0.487095, -0.809973

-0.856903, -0.370112, 0.755634, 0.76573, 0.183386
0.200064, -0.452138, -0.917275, -0.0376363, 0.605232
0.573429, 0.923088, 0.428581, -0.686194, -0.942174
-0.934347, -0.722484, 0.345143, 0.903061, 0.623616
0.689428, 0.00183702, -0.852989, -0.482458, 0.102048
-0.125668, 0.749558, 0.795491, -0.24738, -0.720237
0.017146, -1.10668, -0.174957, 0.747263, 0.37572
-1.25222, 1.12408, -1.15547, -0.29687, 0.928597

-0.943894, -0.591649, 0.579884, 0.891987, 0.423682
0.430474, -0.219504, -0.937435, -0.27895, 0.391827
0.36487, 0.845537, 0.624299, -0.501025, -0.892108
-0.887991, -0.859568, 0.114728, 0.890573, 0.734091
0.828173, 0.281908, -0.744291, -0.614631, -0.0217853
-0.32702, 0.435591, 0.840793, -0.137871, -0.878896
-0.0569327, -0.722919, -0.354834, 1.03276, 1.19176
-0.685822, 0.618161, -0.264471, -1.4542, 1.62172

-0.968139, -0.773845, 0.365556, 0.958987, 0.635439
0.63252, 0.0280601, -0.895263, -0.501474, 0.154584
0.12983, 0.709977, 0.779198, -0.284515, -0.790257
-0.768634, -0.934379, -0.126993, 0.826265, 0.810292
0.852327, 0.53254, -0.580699, -0.72371, -0.176922
-0.3463, 0.133206, 0.839374, 0.034012, -0.799676
-0.479962, -0.429255, -0.485101, 1.02402, 1.64405
1.02067, 0.128395, 0.495126, -2.10096, 0.560893

-0.928124, -0.904599, 0.126802, 0.962273, 0.804562
0.792516, 0.274262, -0.792992, -0.690447, -0.090191
-0.113064, 0.524023, 0.880471, -0.0512933, -0.648489
-0.599775, -0.934122, -0.35688, 0.718373, 0.871074
0.811869, 0.709554, -0.384263, -0.821882, -0.402949
-0.310084, -0.0750605, 0.815156, 0.298574, -0.442452
-0.809731, -0.39851, -0.622025, 0.640393, 1.39235
2.42105, 0.133881, 0.68999, -1.75324, -1.46572

-0.826528, -0.975228, -0.12051, 0.901587, 0.920076
0.899569, 0.502523, -0.637293, -0.833489, -0.327764
-0.345287, 0.30108, 0.920274, 0.184594, -0.471479
-0.406968, -0.861009, -0.554847, 0.569075, 0.906394
0.769467, 0.802183, -0.175847, -0.893314, -0.676787
-0.383269, -0.185907, 0.763392, 0.612314, 0.0517528
-0.67757, -0.557556, -0.768753, 0.0564742, 0.678599
2.39757, 0.650127, 0.372242, -0.706459, -2.87096

-0.670027, -0.981033, -0.359847, 0.78092, 0.974654
0.946488, 0.697243, -0.438926, -0.921288, -0.544772
-0.55139, 0.0586524, 0.897141, 0.409474, -0.26004
-0.20511, -0.730596, -0.709334, 0.378229, 0.881174
0.748455, 0.834603, 0.0324153, -0.900791, -0.914394
-0.632632, -0.269336, 0.6641, 0.875052, 0.47916
-0.0497222, -0.66904, -0.873325, -0.439148, 0.0391788
1.03004, 1.25284, -0.00986344, 0.251829, -2.61975

-0.468913, -0.921614, -0.575178, 0.60828, 0.964846
0.930315, 0.84515, -0.211716, -0.948078, -0.728285
-0.720006, -0.18487, 0.815179, 0.609435, -0.0195757
0.00415218, -0.562509, -0.817116, 0.151266, 0.763072
0.71344, 0.841736, 0.23766, -0.813067, -1.02207
-0.958149, -0.409263, 0.506601, 0.991978, 0.708336
0.757954, -0.526442, -0.888942, -0.649879, -0.184846
-0.611357, 1.45501, -0.0153625, 0.508026, -1.03549

-0.236489, -0.800907, -0.752128, 0.395172, 0.891178
0.852407, 0.936428, 0.0288498, -0.911976, -0.865546
-0.842875, -0.413159, 0.681787, 0.770485, 0.233516
0.223552, -0.370529, -0.877988, -0.0954541, 0.552293
0.600389, 0.837736, 0.438871, -0.631856, -0.962926
-1.15608, -0.632486, 0.300802, 0.93917, 0.738941
1.3044, -0.105518, -0.821407, -0.58922, -0.0699195
-1.42965, 1.08939, 0.437679, 0.0792821, 0.584817

0.011759, -0.626933, -0.878977, 0.155813, 0.758206
0.718146, 0.965352, 0.26694, -0.815182, -0.945238
-0.913218, -0.613144, 0.505627, 0.880021, 0.473177
0.447273, -0.159492, -0.889104, -0.336664, 0.288657
0.373226, 0.802502, 0.627245, -0.396229, -0.786306
-1.07304, -0.878633, 0.0692743, 0.782397, 0.669961
1.32262, 0.429076, -0.711665, -0.44273, 0.0710067
-1.11613, 0.391793, 1.05027, -0.487278, 1.10446

0.259218, -0.411266, -0.947407, -0.093851, 0.574466
0.536433, 0.930415, 0.487316, -0.663979, -0.959869
-0.925135, -0.774286, 0.296191, 0.929088, 0.672556
0.654518, 0.0689797, -0.844054, -0.546735, 0.0289711
0.0615732, 0.698013, 0.78262, -0.15943, -0.59318
-0.730514, -1.03585, -0.166111, 0.629998, 0.623362
0.890909, 0.844967, -0.58118, -0.420689, 0.0100825
-0.206236, -0.22829, 1.41667, -0.612092, 0.399746

0.489328, -0.168261, -0.952975, -0.337228, 0.352129
0.319106, 0.834122, 0.675902, -0.46842, -0.907935
-0.874875, -0.887177, 0.0648982, 0.914226, 0.81429
0.815285, 0.30693, -0.737765, -0.708855, -0.188054
-0.251779, 0.502307, 0.879967, 0.0444958, -0.461381
-0.316126, -1.01845, -0.388159, 0.55172, 0.674207
0.367305, 0.992007, -0.409364, -0.610819, -0.255714
0.485642, -0.495538, 1.32976, -0.120888, -0.715037

0.686767, 0.0859112, -0.895321, -0.55818, 0.106233
0.0803215, 0.68268, 0.820278, -0.241663, -0.794446
-0.763262, -0.943159, -0.173691, 0.837851, 0.894917
0.904771, 0.53488, -0.573269, -0.818429, -0.361694
-0.485167, 0.234075, 0.901925, 0.218067, -0.3886
-0.0440299, -0.829733, -0.579373, 0.525721, 0.812408
0.137953, 0.883287, -0.170624, -0.923352, -0.603157
0.466545, -0.416601, 0.884617, 0.697604, -1.26099

0.838487, 0.334353, -0.778188, -0.742066, -0.146496
-0.164169, 0.485725, 0.910404, 0.00101966, -0.62945
-0.597564, -0.935749, -0.402194, 0.707028, 0.920499
0.915999, 0.725894, -0.364682, -0.878635, -0.518495
-0.611749, -0.0524548, 0.848347, 0.387956, -0.298793
0.0063722, -0.562175, -0.720359, 0.457453, 0.943803
0.350009, 0.669692, 0.113799, -1.15326, -0.927545
-0.223797, -0.210571, 0.357044, 1.36898, -0.823293

0.93453, 0.560563, -0.609232, -0.876675, -0.389036
-0.397961, 0.256004, 0.939617, 0.243395, -0.425457
-0.391201, -0.863182, -0.602758, 0.531512, 0.897312
0.86125, 0.856509, -0.133684, -0.892096, -0.680386
-0.670369, -0.299306, 0.735751, 0.573047, -0.108027
-0.0549956, -0.333004, -0.798572, 0.258578, 0.9354
0.807785, 0.53571, 0.373215, -1.1148, -1.16564
-1.17174, -0.131495, 0.00155718, 1.56542, 0.291392

0.968589, 0.749518, -0.399615, -0.953028, -0.605381
-0.60518, 0.00879734, 0.905592, 0.469427, -0.195398
-0.161093, -0.730269, -0.760331, 0.322276, 0.825197
0.761256, 0.916685, 0.0981012, -0.85552, -0.837913
-0.725646, -0.478981, 0.586918, 0.759119, 0.201032
-0.0238964, -0.202026, -0.818765, -0.0747976, 0.69711
1.10439, 0.580649, 0.543667, -0.765613, -1.23569
-1.86218, -0.318031, -0.0827135, 1.26317, 1.41229

0.938367, 0.888661, -0.163321, -0.965994, -0.781528
-0.771788, -0.239094, 0.810795, 0.664293, 0.0477958
0.0759198, -0.54812, -0.865, 0.0912886, 0.698914
0.630521, 0.911536, 0.315355, -0.761735, -0.950249
-0.809866, -0.604986, 0.418072, 0.901122, 0.553914
0.229641, -0.132798, -0.800143, -0.44677, 0.259561
0.906772, 0.752244, 0.625818, -0.243998, -1.04512
-1.90114, -0.73096, 0.0282717, 0.694076, 1.9691

0.845748, 0.968733, 0.0838047, -0.914675, -0.906126
-0.886735, -0.470733, 0.662177, 0.81522, 0.290252
0.305466, -0.331674, -0.912184, -0.14782, 0.516343
0.470164, 0.853889, 0.509856, -0.607608, -0.971888
-0.893195, -0.711225, 0.23276, 0.9518, 0.828779
0.651573, -0.026887, -0.757696, -0.723298, -0.215128
0.204628, 0.874461, 0.681689, 0.209517, -0.606016
-1.18853, -1.17556, 0.145324, 0.190391, 1.75309

0.696769, 0.98439, 0.325212, -0.802494, -0.970944
-0.94269, -0.67053, 0.470205, 0.912188, 0.516287
0.515613, -0.0965155, -0.901071, -0.379322, 0.286775
0.27371, 0.75376, 0.676147, -0.401524, -0.884996
-0.905342, -0.817158, 0.0267866, 0.894382, 0.938188
1.03697, 0.193461, -0.684172, -0.824883, -0.523141
-0.654938, 0.762227, 0.768742, 0.405267, -0.119061
-0.030238, -1.39464, 0.068945, 0.0156513, 0.945994

0.501311, 0.934579, 0.544844, -0.636955, -0.971352
-0.936293, -0.825434, 0.247713, 0.948574, 0.709069
0.695087, 0.143105, -0.832889, -0.586277, 0.0323976
0.0408765, 0.612951, 0.806232, -0.164252, -0.712623
-0.790826, -0.906284, -0.199517, 0.753954, 0.887689
1.17876, 0.515796, -0.553213, -0.779643, -0.563619
-1.18941, 0.358245, 0.874668, 0.335237, 0.127436
0.936705, -1.21232, -0.294112, 0.227494, 0.0156221

0.27247, 0.822617, 0.728215, -0.429117, -0.906876
-0.868075, -0.925633, 0.00898825, 0.921719, 0.853123
0.831863, 0.374162, -0.7105, -0.752827, -0.218653
-0.212059, 0.428766, 0.887934, 0.0779505, -0.50337
-0.554278, -0.934699, -0.431054, 0.579044, 0.767489
1.0183, 0.834315, -0.345892, -0.696134, -0.427662
-1.12031, -0.202886, 0.91851, 0.185083, 0.00573942
1.1003, -0.666387, -0.846663, 0.620246, -0.485751

0.0256032, 0.655964, 0.863281, -0.192811, -0.781584
-0.742325, -0.964823, -0.230788, 0.8333, 0.937426
0.913963, 0.583474, -0.539526, -0.866883, -0.442816
-0.454081, 0.203503, 0.908469, 0.303202, -0.299796
-0.261194, -0.863049, -0.638245, 0.408097, 0.682617
0.685274, 1.01801, -0.0786163, -0.676491, -0.34292
-0.588385, -0.664309, 0.821084, 0.203281, -0.286236
0.350527, -0.0280518, -1.31964, 0.813086, -0.221382

-0.222803, 0.445716, 0.941125, 0.0562858, -0.604006
-0.567, -0.940342, -0.456011, 0.689311, 0.957287
0.932506, 0.756887, -0.329894, -0.921744, -0.627798
-0.652602, -0.0481345, 0.860782, 0.499856, -0.114326
0.00530915, -0.687481, -0.789019, 0.246611, 0.672788
0.399434, 1.00158, 0.195181, -0.735906, -0.495403
-0.0696952, -0.819284, 0.581078, 0.508876, -0.342735
-0.714865, 0.35053, -1.42569, 0.490744, 0.650008

-0.45629, 0.205852, 0.956493, 0.301668, -0.386416
-0.353532, -0.853381, -0.651429, 0.499584, 0.913952
0.885018, 0.880399, -0.0962122, -0.915877, -0.771215
-0.78834, -0.29993, 0.748174, 0.664611, 0.0702184
0.198173, -0.446199, -0.864818, 0.0717249, 0.682064
0.308425, 0.83179, 0.415969, -0.789848, -0.86301
-0.0288804, -0.666823, 0.286073, 0.979917, 0.103929
-1.14077, 0.288797, -1.07162, -0.334026, 1.46242

-0.659473, -0.0476936, 0.908211, 0.527055, -0.143632
-0.116259, -0.709251, -0.803376, 0.276927, 0.812518
0.776608, 0.943007, 0.143753, -0.851379, -0.873149
-0.861076, -0.523212, 0.58392, 0.79517, 0.277162
0.330636, -0.196789, -0.869082, -0.140412, 0.602757
0.38198, 0.632896, 0.558026, -0.719448, -1.20556
-0.554791, -0.424246, 0.0462382, 1.32063, 0.904238
-0.356017, -0.057885, -0.466832, -1.25239, 1.44324

-0.818957, -0.29808, 0.799381, 0.717449, 0.108253
0.128654, -0.517406, -0.901207, 0.0361096, 0.659863
0.618077, 0.939596, 0.371945, -0.732489, -0.928957
-0.882703, -0.6978, 0.386139, 0.883801, 0.508013
0.454723, 0.0188362, -0.821462, -0.386285, 0.36263
0.440097, 0.514694, 0.643856, -0.466357, -1.23889
-1.2628, -0.368509, -0.0919501, 1.27447, 1.55391
1.27371, -0.282929, -0.00664013, -1.70274, 0.323432

-0.924134, -0.528666, 0.637266, 0.860141, 0.352903
0.364617, -0.290914, -0.938422, -0.2071, 0.464101
0.422342, 0.872001, 0.572756, -0.565334, -0.928129
-0.863598, -0.817273, 0.171314, 0.91724, 0.731234
0.612001, 0.196191, -0.741584, -0.627641, -0.00991329
0.29439, 0.490948, 0.718669, -0.0854009, -0.864949
-1.56367, -0.615393, -0.1768, 0.828208, 1.58511
2.6088, -0.0369015, 0.0180469, -1.39148, -1.32877

-0.967895, -0.724113, 0.432778, 0.945595, 0.574484
0.575967, -0.0453405, -0.913084, -0.436781, 0.235638
0.201707, 0.747627, 0.734359, -0.358911, -0.860178
-0.8031, -0.885393, -0.0492721, 0.883268, 0.896389
0.794202, 0.361183, -0.63459, -0.810845, -0.394075
-0.101621, 0.470831, 0.805024, 0.285972, -0.269743
-1.11533, -1.00993, -0.300704, 0.242662, 0.96957
2.58562, 0.668243, -0.333005, -0.564435, -2.41985

-0.947198, -0.871412, 0.199646, 0.968121, 0.758372
0.748973, 0.202693, -0.827534, -0.637715, -0.0114876
-0.0323413, 0.576714, 0.84836, -0.126145, -0.723202
-0.691254, -0.90702, -0.268172, 0.779109, 0.963757
0.942788, 0.540276, -0.490008, -0.898705, -0.655632
-0.605371, 0.332408, 0.876354, 0.520465, 0.203385
-0.112314, -1.22799, -0.511847, -0.129996, 0.17771
1.10849, 1.41944, -0.664712, 0.130309, -2.14816

-0.863376, -0.960759, -0.0466019, 0.926259, 0.892048
0.872474, 0.436841, -0.687726, -0.796356, -0.259673
-0.267346, 0.370152, 0.908628, 0.116351, -0.528739
-0.520173, -0.880785, -0.477014, 0.615349, 0.928282
0.987482, 0.730701, -0.295405, -0.891503, -0.739199
-0.978799, 0.0243994, 0.873629, 0.587516, 0.315535
0.828836, -1.02469, -0.763894, -0.11262, -0.18361
-0.777551, 1.69391, -0.545508, 0.131061, -0.699973

-0.722074, -0.986218, -0.28969, 0.822846, 0.966182
0.938348, 0.641993, -0.502639, -0.901889, -0.489869
-0.488294, 0.139156, 0.910633, 0.350286, -0.299165
-0.29608, -0.79918, -0.662442, 0.412386, 0.820633
0.895497, 0.89353, -0.0543662, -0.822267, -0.703645
-1.05625, -0.381716, 0.753172, 0.568519, 0.121699
1.12325, -0.438973, -0.94596, 0.154371, 0.130292
-1.65098, 1.27212, 0.13087, -0.567954, 0.796258

-0.532816, -0.946106, -0.513594, 0.664786, 0.975608
0.942008, 0.804918, -0.283932, -0.947169, -0.684828
-0.678225, -0.103536, 0.852116, 0.558608, -0.0591816
-0.0426054, -0.655994, -0.806441, 0.191878, 0.684552
0.695713, 0.975552, 0.205826, -0.73027, -0.671776
-0.863173, -0.732031, 0.526463, 0.588175, -0.0707743
0.669626, 0.214368, -0.967451, 0.316366, 0.78384
-0.849988, 0.438484, 1.01932, -1.36494, 1.11147

-0.308269, -0.843101, -0.703499, 0.462568, 0.919836
0.88289, 0.914825, -0.0456658, -0.929292, -0.831721
-0.821225, -0.342515, 0.734793, 0.727786, 0.17287
0.207485, -0.455431, -0.891596, -0.0308155, 0.546793
0.460214, 0.944424, 0.444039, -0.632575, -0.730841
-0.595485, -0.895867, 0.25815, 0.712878, 0.0496164
-0.0585358, 0.572293, -0.827706, 0.0849115, 1.11959
0.942904, -0.213992, 1.56006, -1.49987, -0.0771574

-0.0633393, -0.684056, -0.846737, 0.229589, 0.802953
0.764746, 0.96407, 0.196275, -0.849693, -0.922831
-0.906032, -0.560213, 0.565868, 0.848427, 0.388073
0.426451, -0.215826, -0.908097, -0.248146, 0.401623
0.256247, 0.811318, 0.626282, -0.514591, -0.859848
-0.471739, -0.857983, 0.0224659, 0.893331, 0.538061
-0.371563, 0.499934, -0.614434, -0.520558, 0.695003
2.18827, -0.241622, 1.41017, -0.671589, -1.84919

0.185793, -0.479538, -0.933666, -0.0187035, 0.63305
0.595508, 0.948938, 0.425284, -0.713846, -0.954457
-0.928035, -0.739374, 0.358036, 0.914435, 0.582726
0.601694, 0.0352711, -0.857697, -0.455402, 0.221543
0.10326, 0.623986, 0.742398, -0.346505, -0.941151
-0.566553, -0.726112, -0.147408, 0.996646, 1.13167
0.0935093, 0.196774, -0.433881, -1.16527, -0.33853
1.70562, 0.289266, 0.727404, 0.677432, -2.71064

0.422668, -0.243135, -0.958407, -0.265806, 0.421449
0.386675, 0.870222, 0.625539, -0.530766, -0.925379
-0.888662, -0.866324, 0.127587, 0.921943, 0.75065
0.735019, 0.271614, -0.751711, -0.643698, -0.0134303
-0.0336138, 0.434783, 0.805837, -0.113263, -0.849965
-0.751324, -0.645753, -0.276382, 0.905775, 1.44232
1.06925, 0.0409215, -0.330201, -1.44273, -1.3306
-0.345767, 0.838664, 0.0648271, 1.66523, -1.78387

0.631567, 0.00944232, -0.919303, -0.495253, 0.18196
0.152351, 0.73332, 0.7835, -0.312438, -0.836333
-0.793036, -0.933178, -0.108535, 0.869216, 0.878427
0.832371, 0.477212, -0.60437, -0.796884, -0.289973
-0.208508, 0.266957, 0.836772, 0.164567, -0.554633
-0.790611, -0.685741, -0.417463, 0.611925, 1.2563
1.8424, 0.286445, -0.258173, -1.18599, -1.63415
-2.53156, 0.814974, -0.0575042, 1.64815, 0.435235

0.79854, 0.261404, -0.819031, -0.691743, -0.0698279
-0.0918346, 0.547731, 0.888968, -0.0731743, -0.690925
-0.647814, -0.937907, -0.335113, 0.757765, 0.947881
0.892347, 0.647701, -0.426281, -0.895349, -0.559595
-0.443977, 0.104301, 0.841791, 0.435403, -0.150094
-0.525409, -0.78257, -0.599366, 0.228836, 0.7043
1.79704, 0.850351, -0.128903, -0.602493, -1.1156
-3.23875, 0.0565067, 0.429688, 0.738532, 2.39933

0.91238, 0.49599, -0.664365, -0.842187, -0.317339
-0.329783, 0.32612, 0.935522, 0.171181, -0.497143
-0.460664, -0.882631, -0.539355, 0.593773, 0.944544
0.902561, 0.783704, -0.222819, -0.924421, -0.763849
-0.702889, -0.0878547, 0.806261, 0.644515, 0.203601
-0.00552732, -0.788281, -0.794263, -0.0843076, 0.165205
0.89944, 1.36157, 0.110098, -0.120621, -0.261892
-1.95084, -1.01425, 1.07608, -0.263988, 2.69928

0.965449, 0.697596, -0.465647, -0.9366, -0.544016
-0.545882, 0.0832477, 0.920504, 0.404276, -0.268034
-0.241315, -0.771672, -0.710037, 0.388572, 0.86611
0.84682, 0.881775, 0.00151548, -0.881486, -0.86906
-0.905764, -0.326058, 0.705823, 0.765409, 0.393322
0.532675, -0.587545, -0.931846, -0.235056, -0.0239962
-0.25754, 1.44069, 0.424656, -0.0610499, 0.204774
0.317623, -1.69843, 1.25921, -0.493685, 1.19001

0.954229, 0.85281, -0.236063, -0.96875, -0.73451
-0.725907, -0.165014, 0.844883, 0.610431, -0.020653
-0.00289438, -0.610816, -0.836449, 0.157502, 0.724596
0.717832, 0.930309, 0.236447, -0.776688, -0.884781
-0.982479, -0.584765, 0.528501, 0.811719, 0.430863
0.831985, -0.194844, -0.948891, -0.260401, 0.173486
-0.895797, 0.995761, 0.712124, -0.387135, -0.100134
1.7934, -1.55797, 0.681583, 0.289571, -0.860296

0.879548, 0.951314, 0.00921411, -0.936538, -0.875906
-0.857883, -0.402528, 0.71322, 0.775819, 0.226455
0.237989, -0.408149, -0.90858, -0.0824116, 0.540451
0.525876, 0.914045, 0.462805, -0.626762, -0.85153
-0.920401, -0.804474, 0.290272, 0.820596, 0.436345
0.801439, 0.244469, -0.835644, -0.291213, 0.469534
-0.645534, 0.301845, 0.872295, -0.731646, -0.917196
1.33109, -0.760456, -0.376079, 1.49037, -1.74724

0.746462, 0.986567, 0.253964, -0.842108, -0.958741
-0.932892, -0.613698, 0.533714, 0.88946, 0.456008
0.462985, -0.175459, -0.918988, -0.314809, 0.332823
0.296787, 0.824137, 0.656284, -0.446541, -0.806609
-0.772244, -0.927365, 0.0313773, 0.819923, 0.537897
0.581803, 0.553106, -0.643187, -0.443787, 0.480378
0.167821, -0.202034, 0.875668, -0.68409, -1.54526
-0.67622, 0.0452405, -1.25312, 2.1288, -0.678851

0.563862, 0.956236, 0.481941, -0.691709, -0.977672
-0.945761, -0.784381, 0.318061, 0.943924, 0.653719
0.654919, 0.0713201, -0.865309, -0.525326, 0.113006
0.0604466, 0.666306, 0.796138, -0.244284, -0.754145
-0.616575, -0.934391, -0.204834, 0.804347, 0.763652
0.435252, 0.64743, -0.446393, -0.720635, 0.0330793
0.771659, -0.245241, 0.778118, -0.118693, -1.39191
-2.58687, 0.231829, -1.41063, 1.60785, 1.57302

0.343847, 0.862344, 0.677939, -0.495296, -0.931709
-0.89552, -0.902902, 0.0808455, 0.935733, 0.808501
0.800474, 0.313537, -0.75171, -0.701709, -0.11445
-0.162108, 0.460759, 0.872793, -0.0239377, -0.663023
-0.500191, -0.855715, -0.395146, 0.738981, 1.01025
0.539411, 0.59385, -0.291121, -0.997845, -0.687742
0.546103, 0.0694696, 0.673368, 0.69218, -0.440588
-2.78442, -0.315326, -0.846224, 0.195287, 3.24934

0.100952, 0.711128, 0.82883, -0.265901, -0.824104
-0.785549, -0.96107, -0.161613, 0.865499, 0.91171
0.891421, 0.532727, -0.588174, -0.833345, -0.344432
-0.364015, 0.233561, 0.888912, 0.207958, -0.495036
-0.406291, -0.746035, -0.544407, 0.588677, 1.11508
0.843086, 0.551355, -0.165837, -1.11169, -1.26777
-0.483168, 0.34894, 0.620997, 1.27139, 0.727679
-0.945682, -1.10397, -0.0953673, -1.16394, 2.9708

-0.148755, 0.51263, 0.924511, -0.0187885, -0.661998
-0.623332, -0.954936, -0.392743, 0.737842, 0.956544
0.924131, 0.713573, -0.387993, -0.911199, -0.564018
-0.547122, 0.00550729, 0.85331, 0.436596, -0.241679
-0.273339, -0.643159, -0.672189, 0.350727, 0.979338
1.09822, 0.642549, -0.0188032, -0.980759, -1.37007
-1.64322, 0.219644, 0.603873, 1.29289, 1.3716
1.6854, -1.41494, 0.185554, -1.56616, 0.82758

-0.388681, 0.280035, 0.95862, 0.229572, -0.455953
-0.419851, -0.885115, -0.597149, 0.561123, 0.938464
0.898121, 0.84546, -0.165033, -0.92865, -0.751529
-0.710534, -0.213635, 0.772659, 0.639432, 0.0595114
-0.050602, -0.541527, -0.788713, 0.0653682, 0.647488
1.04867, 0.851955, 0.192787, -0.670249, -0.988048
-2.1144, -0.372706, 0.54529, 0.827971, 1.14749
3.23532, -0.86451, -0.267226, -0.842643, -1.66574

-0.602807, 0.0288068, 0.928966, 0.462627, -0.219394
-0.188719, -0.756599, -0.761663, 0.34697, 0.856612
0.814891, 0.922148, 0.0676172, -0.882988, -0.883306
-0.842297, -0.421771, 0.647571, 0.793217, 0.342888
0.252541, -0.401334, -0.879236, -0.205046, 0.27978
0.632906, 1.0315, 0.459563, -0.347073, -0.450322
-1.55625, -1.10628, 0.372017, 0.290743, 0.362263
2.63112, 0.28557, -1.11318, 0.310856, -2.72356

-0.776795, -0.224341, 0.837621, 0.664873, 0.0320955
0.0548022, -0.578178, -0.875911, 0.109588, 0.715354
0.677952, 0.94033, 0.297206, -0.776702, -0.943717
-0.920966, -0.615209, 0.476141, 0.88287, 0.554147
0.562342, -0.186549, -0.909919, -0.41335, 0.0361972
0.0424914, 1.0116, 0.716269, -0.157514, -0.170592
-0.377901, -1.5169, 0.0765711, 0.12035, -0.267664
0.425039, 1.31239, -1.6637, 0.87245, -1.6614

-0.899017, -0.462563, 0.69071, 0.822891, 0.281695
0.294751, -0.361679, -0.932597, -0.13517, 0.524783
0.493998, 0.898534, 0.510111, -0.617692, -0.931373
-0.926382, -0.781202, 0.261997, 0.906119, 0.681543
0.786063, 0.0976554, -0.851426, -0.553417, -0.0399536
-0.413309, 0.734156, 0.881653, -0.120209, -0.33045
0.563251, -1.34717, -0.267253, 0.440896, -0.167053
-1.62069, 1.57277, -1.41181, 0.288341, 0.573805

-0.961372, -0.670014, 0.497963, 0.926221, 0.512526
0.51537, -0.121195, -0.927759, -0.370892, 0.299565
0.274187, 0.797393, 0.691493, -0.418144, -0.857264
-0.852081, -0.898635, 0.0201277, 0.870882, 0.755219
0.873262, 0.397691, -0.702286, -0.655094, -0.0482095
-0.535989, 0.304341, 0.912921, -0.11765, -0.737431
0.613108, -0.744207, -0.548378, 0.960814, 0.653366
-1.87797, 0.989073, -0.429847, -1.08753, 2.12743

-0.959814, -0.832907, 0.272092, 0.968023, 0.708971
0.701997, 0.127642, -0.861167, -0.581796, 0.0565352
0.0342348, 0.641167, 0.826798, -0.19257, -0.736408
-0.710335, -0.946992, -0.22464, 0.787663, 0.815626
0.846669, 0.641306, -0.493593, -0.752427, -0.145133
-0.383411, -0.080795, 0.833867, 0.00543139, -0.970967
-0.173962, -0.151587, -0.691656, 1.19357, 1.59386
-0.106398, 0.107587, 0.671345, -2.24914, 1.66414

-0.894545, -0.940427, 0.0280191, 0.94551, 0.857916
0.842022, 0.36844, -0.736733, -0.753856, -0.187794
-0.207347, 0.439278, 0.904602, 0.0440591, -0.579278
-0.526042, -0.917311, -0.44604, 0.662757, 0.875924
0.77933, 0.782472, -0.270776, -0.85004, -0.41231
-0.218283, -0.274536, 0.714712, 0.311755, -0.709928
-1.07043, 0.0265575, -0.707129, 0.835465, 1.91173
2.341, -0.319158, 1.19508, -2.29983, -0.591672

-0.769932, -0.98544, -0.218046, 0.860138, 0.949675
0.925863, 0.585014, -0.562643, -0.875748, -0.418643
-0.43231, 0.206425, 0.919202, 0.277315, -0.389247
-0.323645, -0.817171, -0.625833, 0.497246, 0.90782
0.735628, 0.827626, -0.0660348, -0.914086, -0.78139
-0.297372, -0.28487, 0.618024, 0.710797, 0.0074064
-1.23489, -0.265345, -0.677351, 0.0117574, 1.28709
3.53053, 0.0876446, 0.882525, -1.14245, -3.00106

-0.594189, -0.964952, -0.449661, 0.717538, 0.978491
0.947811, 0.762577, -0.350885, -0.939528, -0.622915
-0.625541, -0.0392958, 0.871404, 0.493345, -0.167618
-0.116366, -0.666035, -0.757733, 0.292296, 0.861999
0.721318, 0.823486, 0.117575, -0.895217, -1.07627
-0.664059, -0.260042, 0.551705, 1.01696, 0.794645
-0.371933, -0.690636, -0.689708, -0.802274, 0.0820616
2.4257, 1.03255, 0.1086, 0.430477, -3.74248

-0.37888, -0.880315, -0.651306, 0.527176, 0.94266
0.906528, 0.889009, -0.11616, -0.941041, -0.78841
-0.77628, -0.279519, 0.76714, 0.678596, 0.0779998
0.0947139, -0.48435, -0.843463, 0.0564074, 0.707502
0.68071, 0.816056, 0.298401, -0.766277, -1.14149
-1.10591, -0.365296, 0.465839, 1.08394, 1.19883
1.01823, -0.780931, -0.763806, -1.13187, -0.912858
-0.291009, 1.76005, -0.404515, 1.32467, -2.20428

-0.138244, -0.737136, -0.809505, 0.301734, 0.844474
0.805054, 0.9559, 0.125558, -0.88013, -0.903571
-0.877373, -0.498361, 0.615006, 0.820085, 0.328824
0.311447, -0.284313, -0.884586, -0.191295, 0.459727
0.54311, 0.812503, 0.491329, -0.545863, -0.958092
-1.31196, -0.645521, 0.297039, 0.9124, 1.04085
2.00317, -0.305298, -0.831214, -0.860085, -1.06814
-2.69746, 1.62963, -0.14512, 0.972443, 0.523003

0.111697, -0.544928, -0.913776, 0.0562522, 0.69012
0.650386, 0.959131, 0.35837, -0.760674, -0.958591
-0.923598, -0.683465, 0.424434, 0.90671, 0.557897
0.526641, -0.0688922, -0.876861, -0.424838, 0.175469
0.283094, 0.775333, 0.685816, -0.289563, -0.657132
-1.10967, -0.980735, 0.0265485, 0.647494, 0.551502
1.9249, 0.535955, -0.786851, -0.31578, -0.39831
-3.07699, 0.617306, 0.781812, -0.228302, 2.44737

0.354213, -0.316478, -0.957309, -0.192913, 0.489522
0.452811, 0.898908, 0.5674, -0.590458, -0.947641
-0.910802, -0.825228, 0.205562, 0.931212, 0.739512
0.718927, 0.160685, -0.811708, -0.620171, -0.0815338
-0.0514614, 0.653477, 0.844673, -0.0551867, -0.419826
-0.599286, -1.17058, -0.293914, 0.467132, 0.192143
0.907507, 1.24758, -0.574644, -0.0186654, 0.439367
-1.24168, -0.644677, 1.71655, -1.2098, 2.18362

0.573062, -0.0669922, -0.937325, -0.429201, 0.255939
0.225207, 0.779435, 0.739336, -0.380772, -0.8709
-0.836884, -0.915411, -0.0295557, 0.891791, 0.858775
0.859181, 0.395159, -0.683717, -0.763148, -0.278844
-0.365385, 0.426455, 0.92525, 0.132054, -0.341226
-0.0817977, -1.08432, -0.570665, 0.446659, 0.293407
-0.231992, 1.4078, -0.239834, -0.27283, 0.648294
1.29328, -1.33333, 1.93907, -1.0546, 0.028206

0.753662, 0.186928, -0.855172, -0.636947, 0.0051624
-0.0176228, 0.608469, 0.862873, -0.145696, -0.735025
-0.704121, -0.946752, -0.265867, 0.792408, 0.914817
0.924569, 0.613253, -0.498408, -0.851428, -0.429076
-0.577403, 0.127638, 0.907102, 0.288586, -0.362486
0.165023, -0.76121, -0.730565, 0.504293, 0.79128
-0.609921, 0.988234, 0.0962525, -0.922083, -0.0778426
2.4533, -1.0588, 1.22535, 0.280272, -2.23851

0.884087, 0.428401, -0.716217, -0.802391, -0.245726
-0.259678, 0.396929, 0.929348, 0.0989367, -0.551597
-0.521059, -0.914335, -0.485868, 0.641565, 0.915686
0.910338, 0.787243, -0.274103, -0.889378, -0.569602
-0.671208, -0.171662, 0.80505, 0.44959, -0.323674
0.0914191, -0.383445, -0.769464, 0.469616, 1.26989
0.0394143, 0.375964, 0.321969, -1.4611, -1.29124
1.21418, -0.167073, 0.0356098, 1.89963, -2.70484

0.955802, 0.641389, -0.529558, -0.91455, -0.479799
-0.484705, 0.15851, 0.933648, 0.336748, -0.334438
-0.302261, -0.818025, -0.672088, 0.45033, 0.86903
0.830761, 0.894677, -0.0361522, -0.880158, -0.724321
-0.69862, -0.405882, 0.657712, 0.632223, -0.0960276
-0.0947886, -0.141308, -0.748394, 0.222498, 1.28336
1.15217, 0.0751432, 0.414506, -1.42273, -2.11477
-1.56688, 0.522563, -0.822411, 2.63551, -0.819478

0.964127, 0.811748, -0.307526, -0.965939, -0.681612
-0.67739, -0.0909444, 0.875066, 0.551996, -0.0974128
-0.0655948, -0.664231, -0.810374, 0.230769, 0.775719
0.708426, 0.928122, 0.192645, -0.821168, -0.876986
-0.732842, -0.554288, 0.500385, 0.813372, 0.308668
-0.0960558, -0.0934698, -0.74007, -0.204716, 0.708549
1.76706, 0.314963, 0.448777, -0.744593, -1.91834
-3.77321, 0.35459, -0.807387, 1.94428, 2.13511

0.908477, 0.928161, -0.0649289, -0.953084, -0.838146
-0.824653, -0.334475, 0.757683, 0.73058, 0.146123
0.171487, -0.465545, -0.892187, -0.00442183, 0.631287
0.559721, 0.896025, 0.398821, -0.706474, -0.976665
-0.807177, -0.646489, 0.343081, 0.939332, 0.736168
0.238004, -0.12951, -0.767866, -0.640988, -0.147925
1.27282, 0.86806, 0.528391, 0.171168, -0.82021
-3.65539, -0.640263, -0.0636698, 0.341686, 3.98812

0.792424, 0.982876, 0.181964, -0.876801, -0.939378
-0.916723, -0.555407, 0.589971, 0.860818, 0.382432
0.394488, -0.238159, -0.914713, -0.241354, 0.434118
0.387239, 0.814257, 0.577833, -0.534493, -0.971711
-0.88557, -0.730795, 0.170241, 0.960656, 0.997385
0.785616, -0.0635307, -0.785893, -0.896706, -0.775874
-0.106473, 1.22429, 0.694436, 0.756574, 0.390206
-1.2094, -1.74983, 0.68694, -0.976883, 3.34703

0.623553, 0.972237, 0.41661, -0.742166, -0.978643
-0.947785, -0.738835, 0.38373, 0.934072, 0.596418
0.591953, 0.00146248, -0.879104, -0.464525, 0.194023
0.184754, 0.694721, 0.727467, -0.315051, -0.847094
-0.887688, -0.82982, -0.0381976, 0.866419, 1.00374
1.23566, 0.213059, -0.716396, -0.899057, -0.847459
-1.4679, 0.989269, 0.886071, 0.707477, 0.860208
1.78462, -2.12106, 0.708131, -1.05379, 0.698907

0.413062, 0.896938, 0.623394, -0.558183, -0.953024
-0.916132, -0.872783, 0.152809, 0.945301, 0.772109
0.753694, 0.238754, -0.788398, -0.657608, -0.0657486
-0.0491738, 0.53954, 0.840685, -0.0701057, -0.637179
-0.750399, -0.917398, -0.281265, 0.692323, 0.827444
1.31646, 0.637321, -0.515021, -0.739835, -0.462578
-1.91243, 0.199546, 0.984752, 0.211926, 0.339109
3.12148, -1.4234, -0.165696, 0.0829299, -1.93329

0.175039, 0.761985, 0.788676, -0.337138, -0.863766
-0.824004, -0.948848, -0.08794, 0.893523, 0.894986
0.869182, 0.461047, -0.646769, -0.805613, -0.315335
-0.299667, 0.345109, 0.903855, 0.173078, -0.404126
-0.479737, -0.934786, -0.527216, 0.496446, 0.641314
0.997854, 1.01234, -0.212107, -0.599612, -0.0620535
-1.22921, -0.692574, 0.906214, -0.201777, -0.626524
1.88316, -0.116498, -1.38173, 1.43189, -2.54427

-0.0745413, 0.57637, 0.901624, -0.0937474, -0.71655
-0.67733, -0.962377, -0.323276, 0.782058, 0.9551
0.928001, 0.656082, -0.460603, -0.897525, -0.529685
-0.535631, 0.112738, 0.902209, 0.391972, -0.197601
-0.153788, -0.834395, -0.727664, 0.320469, 0.584551
0.513234, 1.14892, 0.102899, -0.606365, -0.0763819
-0.0525173, -1.15625, 0.6665, -0.0816507, -1.12701
-0.837929, 0.894138, -2.08292, 1.79517, -0.71346

-0.318994, 0.35245, 0.954808, 0.15584, -0.521312
-0.485477, -0.912464, -0.538007, 0.618411, 0.949128
0.922568, 0.810877, -0.240351, -0.927963, -0.696752
-0.722447, -0.142572, 0.82877, 0.575211, -0.0255128
0.126943, -0.618221, -0.845328, 0.165098, 0.656929
0.184272, 1.00382, 0.341852, -0.736423, -0.584296
0.631341, -0.982172, 0.37045, 0.589147, -0.612684
-2.78457, 0.951815, -1.7678, 0.721579, 2.04749

-0.542105, 0.105121, 0.944636, 0.395092, -0.291477
-0.260921, -0.802004, -0.717639, 0.413701, 0.880147
0.85144, 0.91254, -0.00132369, -0.897038, -0.816876
-0.838621, -0.392559, 0.690207, 0.72117, 0.142602
0.305647, -0.341686, -0.874749, -0.00214624, 0.721829
0.180087, 0.709231, 0.476002, -0.83327, -1.24688
0.247861, -0.435744, 0.133675, 1.37035, 0.664984
-2.29866, 0.15358, -0.681794, -1.12254, 3.46027

-0.729182, -0.149184, 0.871631, 0.608146, -0.0427342
-0.0186346, -0.637815, -0.849494, 0.181745, 0.755419
0.720848, 0.951047, 0.237774, -0.80875, -0.894265
-0.884422, -0.605926, 0.505132, 0.830222, 0.342322
0.40272, -0.0793019, -0.840719, -0.212836, 0.615482
0.39308, 0.470948, 0.547159, -0.730021, -1.56725
-0.92012, -0.0445958, 0.000669139, 1.69796, 1.84199
0.374904, -0.730656, 0.369059, -2.4529, 2.26188

-0.867926, -0.393579, 0.740511, 0.780827, 0.208325
0.224938, -0.430588, -0.924099, -0.0620242, 0.583853
0.543212, 0.922399, 0.45818, -0.669214, -0.927422
-0.876201, -0.761523, 0.295824, 0.897034, 0.57662
0.491245, 0.12272, -0.776163, -0.463247, 0.278957
0.526117, 0.412781, 0.624715, -0.382453, -1.27301
-1.94831, -0.184879, -0.0779021, 1.31613, 2.10924
3.26676, -0.864008, 0.640135, -2.35401, -0.790855

-0.949141, -0.61183, 0.559982, 0.901599, 0.445355
0.453222, -0.194357, -0.936364, -0.301597, 0.374885
0.333492, 0.830032, 0.644517, -0.486025, -0.906237
-0.830735, -0.855234, 0.0791912, 0.909245, 0.802878
0.632536, 0.271715, -0.696631, -0.706335, -0.187778
0.325974, 0.485759, 0.743549, 0.0888307, -0.525543
-1.98173, -0.786663, -0.194375, 0.474308, 1.33341
4.20553, -0.00176345, 0.0221916, -0.984731, -3.48912

-0.967323, -0.789424, 0.342168, 0.962373, 0.65309
0.650907, 0.0546227, -0.886031, -0.521301, 0.139301
0.105761, 0.683493, 0.786414, -0.268986, -0.81842
-0.751575, -0.895778, -0.136709, 0.854076, 0.955581
0.820581, 0.412911, -0.590833, -0.877259, -0.591272
-0.213714, 0.511197, 0.87169, 0.479884, 0.202943
-0.893759, -1.38573, -0.402539, -0.261807, 0.148336
2.49563, 1.30982, -0.880018, 0.548439, -3.87619

-0.921101, -0.914535, 0.101719, 0.959089, 0.81798
0.805071, 0.299366, -0.777284, -0.706654, -0.10912
-0.127907, 0.495235, 0.87772, -0.0312694, -0.660674
-0.627987, -0.892899, -0.348505, 0.728226, 0.988676
0.978527, 0.584944, -0.434114, -0.934329, -0.780519
-0.835133, 0.324617, 0.932247, 0.647717, 0.486419
0.611606, -1.48085, -0.669274, -0.439285, -0.545425
-0.553387, 2.14903, -1.22482, 1.05186, -1.75891

-0.813452, -0.978824, -0.145296, 0.892002, 0.92889
0.90588, 0.523624, -0.617829, -0.845221, -0.353042
-0.355961, 0.277692, 0.914418, 0.210464, -0.446037
-0.447532, -0.847154, -0.549439, 0.543552, 0.906187
1.01155, 0.78066, -0.214161, -0.885129, -0.751116
-1.20008, -0.0894308, 0.861598, 0.608856, 0.260568
1.53062, -0.920625, -0.894627, -0.0570151, -0.275709
-2.64723, 1.92467, -0.593926, 0.168577, 1.15114

-0.651579, -0.97801, -0.38252, 0.76564, 0.977956
0.946927, 0.712959, -0.418008, -0.927525, -0.57329
-0.565102, 0.0424461, 0.893293, 0.437773, -0.201337
-0.212663, -0.749333, -0.7242, 0.323884, 0.7579
0.877237, 0.94375, 0.0510457, -0.778096, -0.639519
-1.13761, -0.57482, 0.658581, 0.517919, -0.14237
1.31613, -0.0230399, -0.982258, 0.443885, 0.650458
-2.27455, 0.825623, 0.676805, -1.35105, 2.57208

-0.4464, -0.91216, -0.594348, 0.588449, 0.961484
0.925427, 0.85535, -0.190296, -0.947876, -0.752343
-0.739672, -0.198395, 0.812675, 0.633446, 0.0439994
0.0518095, -0.590183, -0.851309, 0.0947847, 0.602893
0.620124, 1.00483, 0.317114, -0.665517, -0.612356
-0.768346, -0.911558, 0.387604, 0.542625, -0.260736
0.282404, 0.662151, -0.905844, 0.528241, 1.40117
0.147296, -0.329911, 1.74972, -2.23698, 1.41801

-0.211705, -0.785675, -0.766843, 0.372199, 0.880521
0.842437, 0.941559, 0.0509226, -0.904916, -0.877724
-0.863961, -0.430303, 0.674864, 0.784268, 0.27001
0.306985, -0.373026, -0.911955, -0.126575, 0.468143
0.342979, 0.930432, 0.5365, -0.565636, -0.734954
-0.410242, -0.972807, 0.134567, 0.730061, 0.135463
-0.646771, 0.764435, -0.723249, -0.0150058, 1.27008
2.61911, -0.723766, 1.92208, -1.68504, -1.37251

0.0368767, -0.60698, -0.888542, 0.131206, 0.740839
0.703062, 0.965561, 0.289723, -0.801722, -0.943321
-0.926346, -0.636102, 0.488333, 0.882107, 0.470545
0.51859, -0.119283, -0.899142, -0.334273, 0.333488
0.135278, 0.748053, 0.684172, -0.452607, -0.918775
-0.335831, -0.812792, -0.0501638, 0.965969, 0.864437
-0.650592, 0.363144, -0.531131, -0.904148, 0.218231
3.11153, -0.15836, 1.1548, 0.0219741, -3.57571

0.282936, -0.387951, -0.951219, -0.118571, 0.552261
0.516435, 0.925157, 0.509598, -0.645433, -0.948152
-0.922678, -0.79839, 0.267739, 0.923049, 0.647116
0.672692, 0.138023, -0.820493, -0.527532, 0.154497
0.012474, 0.527807, 0.767042, -0.28223, -0.987735
-0.564441, -0.619409, -0.179228, 1.05865, 1.46658
0.35943, -0.0859343, -0.395919, -1.57233, -1.1003
1.11878, 0.805137, 0.0904477, 1.73014, -3.40294

0.510289, -0.143129, -0.950524, -0.360545, 0.327597
0.295219, 0.822576, 0.695026, -0.446569, -0.893848
-0.856645, -0.903512, 0.0312718, 0.905679, 0.797499
0.776929, 0.368669, -0.6927, -0.700848, -0.0941658
-0.0875968, 0.334031, 0.810809, -0.0340426, -0.813489
-0.847856, -0.567713, -0.307355, 0.884714, 1.5471
1.66956, -0.108241, -0.311741, -1.59146, -1.8349
-1.96721, 1.28931, -0.446275, 2.29235, -0.870129

0.70392, 0.111229, -0.886418, -0.578586, 0.0815769
0.0545832, 0.664687, 0.833192, -0.218223, -0.78301
-0.736956, -0.944697, -0.203243, 0.830137, 0.908452
0.8466, 0.557374, -0.531725, -0.838577, -0.388373
-0.247896, 0.182997, 0.834752, 0.262674, -0.417568
-0.86189, -0.68536, -0.479805, 0.486507, 1.0676
2.30286, 0.421619, -0.213754, -0.990217, -1.57089
-3.92564, 0.778772, -0.0777285, 1.43061, 2.2256

0.850898, 0.358219, -0.763241, -0.758125, -0.169985
-0.189162, 0.462512, 0.915223, 0.0247182, -0.619738
-0.573446, -0.922406, -0.42117, 0.698827, 0.958842
0.886601, 0.70502, -0.34601, -0.918884, -0.66131
-0.498215, 0.0386535, 0.833816, 0.539842, 0.0371154
-0.459582, -0.831997, -0.68983, 0.0469557, 0.369753
1.75682, 1.18015, -0.0346054, -0.22727, -0.62231
-3.38614, -0.483655, 0.847066, -0.0718264, 3.68315

0.94128, 0.581405, -0.58937, -0.887177, -0.410828
-0.419895, 0.230106, 0.936559, 0.266337, -0.411837
-0.374905, -0.841903, -0.611355, 0.518244, 0.931439
0.883475, 0.818526, -0.137539, -0.924766, -0.843476
-0.78133, -0.150443, 0.781615, 0.731493, 0.359721
0.206579, -0.808356, -0.876752, -0.240329, -0.0824504
0.382544, 1.63642, 0.238039, 0.157167, 0.223385
-0.843231, -1.67846, 1.52861, -0.983228, 2.56116

0.968898, 0.765924, -0.376516, -0.957178, -0.624965
-0.6227, -0.0168549, 0.896573, 0.490563, -0.172655
-0.150007, -0.710001, -0.764339, 0.300272, 0.824735
0.814225, 0.8976, 0.0904796, -0.854183, -0.906474
-0.986659, -0.40134, 0.652052, 0.814526, 0.465292
0.788076, -0.512669, -0.965427, -0.308443, -0.046273
-0.877909, 1.45029, 0.544178, -0.0535541, 0.304504
1.7435, -2.02393, 1.33159, -0.564899, -0.13573

0.931897, 0.899492, -0.138831, -0.963541, -0.797711
-0.78454, -0.262297, 0.798, 0.682238, 0.0793768
0.0898213, -0.533435, -0.870541, 0.0615461, 0.655792
0.665496, 0.929024, 0.325722, -0.721673, -0.877774
-1.02724, -0.672587, 0.443219, 0.818766, 0.428779
0.993322, -0.0259299, -0.917616, -0.258711, 0.326629
-1.19575, 0.727067, 0.786286, -0.595531, -0.423693
2.43915, -1.35596, 0.269659, 0.873804, -2.2485

0.832872, 0.973235, 0.10804, -0.905911, -0.917
-0.89477, -0.490563, 0.646686, 0.828309, 0.32386
0.328398, -0.319908, -0.920403, -0.17926, 0.451662
0.448423, 0.89339, 0.545342, -0.550035, -0.815302
-0.902011, -0.885237, 0.185409, 0.798645, 0.418948
0.799714, 0.439138, -0.757782, -0.274885, 0.613802
-0.470833, -0.0611859, 0.891453, -0.931367, -1.36592
0.781453, -0.239306, -1.00218, 2.21854, -2.1112

0.678598, 0.982274, 0.347879, -0.788136, -0.974632
-0.945751, -0.68695, 0.451724, 0.918938, 0.54258
0.545962, -0.0806573, -0.906899, -0.404822, 0.235528
0.19728, 0.779535, 0.722884, -0.358124, -0.761133
-0.695667, -0.974116, -0.0731688, 0.788025, 0.56214
0.463968, 0.687978, -0.555163, -0.474784, 0.447458
0.602829, -0.426522, 0.857169, -0.66336, -1.73917
-1.89212, 0.466132, -1.67549, 2.39689, 0.19785

0.479428, 0.926029, 0.564821, -0.617998, -0.967037
-0.933588, -0.838313, 0.225597, 0.94826, 0.722266
0.723426, 0.167992, -0.828831, -0.601374, 0.017677
-0.0477663, 0.595724, 0.83901, -0.153743, -0.70957
-0.515502, -0.931162, -0.292836, 0.772746, 0.838815
0.321888, 0.680864, -0.375828, -0.8119, -0.201568
1.06851, -0.224252, 0.7486, 0.158416, -1.15907
-3.4651, 0.252884, -1.38574, 1.18625, 2.93208

0.248533, 0.808245, 0.744347, -0.406732, -0.895321
-0.858783, -0.933996, -0.0162751, 0.914654, 0.854557
0.847227, 0.40597, -0.692537, -0.758727, -0.202255
-0.261366, 0.368785, 0.888537, 0.0632881, -0.614091
-0.412813, -0.808151, -0.461948, 0.702268, 1.09154
0.528562, 0.553842, -0.239749, -1.10244, -0.992395
0.435316, 0.247778, 0.649224, 1.06409, 0.0724675
-2.63415, -0.658241, -0.472479, -0.620469, 4.00213

0.00107361, 0.636735, 0.874316, -0.168335, -0.764731
-0.726441, -0.966992, -0.256842, 0.820599, 0.933826
0.911649, 0.613468, -0.510629, -0.868751, -0.424015
-0.441895, 0.131327, 0.878944, 0.290681, -0.428058
-0.348722, -0.676546, -0.595541, 0.531944, 1.13942
0.93612, 0.508224, -0.113741, -1.1587, -1.45846
-0.943024, 0.482439, 0.599842, 1.50685, 1.18613
0.116121, -1.49122, 0.287199, -1.80769, 2.54397

-0.246659, 0.422876, 0.945932, 0.0813226, -0.583929
-0.545841, -0.934905, -0.479297, 0.672317, 0.955092
0.91734, 0.775328, -0.298469, -0.924103, -0.635716
-0.602212, -0.0938247, 0.821766, 0.514459, -0.14814
-0.230713, -0.57471, -0.714756, 0.26372, 0.913751
1.20307, 0.651908, 0.0552636, -0.929087, -1.34678
-2.12366, 0.153404, 0.569936, 1.26422, 1.50591
2.87356, -1.50304, 0.267627, -1.63893, -0.441487

-0.478202, 0.180873, 0.954451, 0.325568, -0.364424
-0.329444, -0.840278, -0.668824, 0.479376, 0.91408
0.867479, 0.883144, -0.0706405, -0.918681, -0.812269
-0.749834, -0.300685, 0.72357, 0.708825, 0.173125
0.00778296, -0.482442, -0.822965, -0.0463138, 0.51272
1.054, 0.912401, 0.291511, -0.538758, -0.800969
-2.27469, -0.630138, 0.483014, 0.598276, 0.938688
3.71756, -0.546267, -0.535126, -0.394343, -2.84189

-0.678006, -0.0731762, 0.899483, 0.548093, -0.120198
-0.0917149, -0.690114, -0.813617, 0.254275, 0.809665
0.764778, 0.934064, 0.160419, -0.849864, -0.925313
-0.872336, -0.493842, 0.583356, 0.846076, 0.456112
0.345825, -0.342248, -0.896961, -0.320262, 0.133421
0.493817, 1.08793, 0.562539, -0.19954, -0.251857
-1.29676, -1.39513, 0.278672, 0.0549631, 0.0339028
2.14018, 0.812626, -1.50079, 0.852264, -3.00663

-0.832588, -0.322357, 0.784886, 0.734088, 0.132751
0.151909, -0.494866, -0.90506, 0.0118709, 0.646911
0.611708, 0.927682, 0.383211, -0.720983, -0.957774
-0.939889, -0.674224, 0.398233, 0.909756, 0.643459
0.679351, -0.111182, -0.900302, -0.507101, -0.0690548
-0.186696, 0.999209, 0.793327, -0.0557613, -0.0959066
0.0996731, -1.6503, -0.0337765, 0.052488, -0.430123
-0.583641, 1.70642, -1.84992, 1.04595, -0.965708

-0.931581, -0.55008, 0.618349, 0.871243, 0.377279
0.385758, -0.267371, -0.937522, -0.231521, 0.438219
0.413657, 0.863746, 0.585, -0.5421, -0.912421
-0.923683, -0.828428, 0.172813, 0.901496, 0.733408
0.889571, 0.196411, -0.809233, -0.611415, -0.090278
-0.620078, 0.628082, 0.913073, -0.0818494, -0.399554
0.921969, -1.24886, -0.370863, 0.566168, -0.0294024
-2.34977, 1.60437, -1.22942, -0.0540581, 1.60705

-0.968494, -0.741203, 0.410827, 0.950521, 0.596484
0.594565, -0.0221022, -0.908383, -0.459361, 0.201324
0.18228, 0.742645, 0.751051, -0.328223, -0.808097
-0.816522, -0.930495, -0.0752235, 0.836602, 0.772329
0.924466, 0.508518, -0.63199, -0.680724, -0.0713362
-0.630193, 0.138173, 0.901039, -0.109118, -0.850063
0.635829, -0.497473, -0.625503, 1.14628, 0.98306
-1.79591, 0.700348, 0.0171554, -1.68785, 2.65293

-0.941075, -0.883039, 0.175902, 0.966698, 0.775328
0.76426, 0.225295, -0.818549, -0.656264, -0.0448342
-0.0640631, 0.568315, 0.866575, -0.0959264, -0.666468
-0.639871, -0.955483, -0.318235, 0.731817, 0.812318
0.831926, 0.738882, -0.406878, -0.761241, -0.18333
-0.357177, -0.239436, 0.798003, 0.0379282, -0.991817
-0.435232, 0.0712896, -0.737197, 1.25735, 1.85666
0.67567, -0.2371, 1.09621, -2.65599, 1.27179

-0.851305, -0.966182, -0.0709559, 0.918671, 0.901996
0.88305, 0.458532, -0.673181, -0.809205, -0.283843
-0.303785, 0.351149, 0.920555, 0.139591, -0.499287
-0.431669, -0.894994, -0.528804, 0.594631, 0.8662
0.719209, 0.842386, -0.180091, -0.855999, -0.488119
-0.14423, -0.370944, 0.674573, 0.398495, -0.574191
-1.35357, 0.0950458, -0.730247, 0.686423, 1.89734
3.18724, -0.442605, 1.34601, -2.21243, -1.59645

-0.705146, -0.985117, -0.313301, 0.809556, 0.968628
0.942595, 0.66163, -0.481981, -0.908341, -0.502979
-0.517513, 0.108258, 0.909025, 0.365358, -0.305664
-0.223807, -0.763024, -0.690084, 0.422211, 0.894438
0.669244, 0.841121, 0.0207564, -0.917737, -0.880712
-0.27043, -0.311796, 0.579327, 0.834481, 0.248522
-1.27643, -0.349098, -0.690454, -0.285662, 0.98919
3.78061, 0.269009, 0.7226, -0.625648, -3.8607

-0.512145, -0.938577, -0.534828, 0.646535, 0.971411
0.938907, 0.820344, -0.258526, -0.947413, -0.691642
-0.69205, -0.139676, 0.835663, 0.569449, -0.0811492
-0.0260461, -0.587608, -0.79918, 0.210608, 0.834459
0.677296, 0.801566, 0.198135, -0.882665, -1.15834
-0.730875, -0.25636, 0.505001, 1.12428, 1.01757
-0.101334, -0.804828, -0.696305, -1.08136, -0.305848
1.88704, 1.35763, -0.172756, 1.01203, -3.83108

-0.284934, -0.829629, -0.720608, 0.440438, 0.910355
0.872636, 0.923677, -0.0187056, -0.923903, -0.839009
-0.820497, -0.373243, 0.709357, 0.739398, 0.168764
0.171739, -0.394324, -0.861547, -0.0331922, 0.650634
0.656498, 0.780136, 0.372933, -0.71997, -1.16619
-1.23152, -0.382479, 0.398147, 1.12248, 1.30013
1.43863, -0.784217, -0.755865, -1.24798, -1.15199
-1.22541, 1.957, -0.547844, 1.58989, -1.48408

-0.0385391, -0.665498, -0.858231, 0.205028, 0.789141
0.748716, 0.964959, 0.221126, -0.839139, -0.933411
-0.899113, -0.577865, 0.540564, 0.862148, 0.421692
0.381215, -0.193893, -0.881066, -0.286189, 0.36705
0.508578, 0.778384, 0.558726, -0.459462, -0.91131
-1.40525, -0.70776, 0.205602, 0.865853, 1.00564
2.30827, -0.144227, -0.797871, -0.790096, -1.05374
-3.37361, 1.52479, -0.0197917, 0.803137, 1.5046

0.210553, -0.457093, -0.938679, -0.0439586, 0.615166
0.575629, 0.94214, 0.445556, -0.698387, -0.964521
-0.923865, -0.744065, 0.33902, 0.926253, 0.644086
0.595784, 0.0170974, -0.853631, -0.515939, 0.0575767
0.206225, 0.742134, 0.741775, -0.17577, -0.558455
-1.08843, -1.0669, -0.0767648, 0.545133, 0.450576
1.93904, 0.791214, -0.725574, -0.162276, -0.224022
-3.07779, 0.259294, 1.08694, -0.619798, 2.99501

0.445573, -0.218291, -0.956824, -0.289925, 0.399559
0.364659, 0.85739, 0.640736, -0.510788, -0.927139
-0.889761, -0.864962, 0.114182, 0.925158, 0.806152
0.785245, 0.24333, -0.769391, -0.694596, -0.200302
-0.176053, 0.605691, 0.88253, 0.0598103, -0.30939
-0.449304, -1.22922, -0.390157, 0.362493, 0.119485
0.657564, 1.45932, -0.493987, 0.0757579, 0.574355
-0.672937, -1.03314, 1.97201, -1.46284, 1.97591

0.650742, 0.0350071, -0.911601, -0.51655, 0.156779
0.12931, 0.716461, 0.794485, -0.288915, -0.823951
-0.793738, -0.933525, -0.12241, 0.859409, 0.895335
0.909819, 0.476169, -0.62213, -0.81044, -0.373924
-0.507304, 0.347829, 0.93847, 0.224093, -0.254995
0.130957, -1.06968, -0.645679, 0.38114, 0.297586
-0.553118, 1.4704, -0.151971, -0.314193, 0.603584
1.92784, -1.52786, 1.95333, -0.940345, -0.672048

0.812441, 0.285948, -0.805967, -0.708847, -0.0964422
-0.115187, 0.528203, 0.896484, -0.0478628, -0.665209
-0.638951, -0.942246, -0.355296, 0.736272, 0.918662
0.943522, 0.689196, -0.418657, -0.868681, -0.490032
-0.688717, 0.01675, 0.891866, 0.349869, -0.311264
0.337868, -0.665006, -0.780919, 0.480648, 0.850048
-0.788564, 0.896458, 0.184365, -1.06116, -0.283531
2.65961, -0.992659, 0.982614, 0.697183, -2.82428

0.920095, 0.517858, -0.646747, -0.854103, -0.342666
-0.352572, 0.304382, 0.939036, 0.196021, -0.46547
-0.437041, -0.885869, -0.565881, 0.567042, 0.892515
0.889523, 0.848138, -0.180764, -0.881348, -0.60463
-0.719084, -0.295933, 0.761929, 0.49107, -0.288614
0.15477, -0.241082, -0.798865, 0.452963, 1.31717
0.0932543, 0.217565, 0.408995, -1.58148, -1.51454
0.866233, 0.0390692, -0.306284, 2.32961, -2.70353

0.966747, 0.715344, -0.444328, -0.942665, -0.565366
-0.566643, 0.0594637, 0.918272, 0.426471, -0.239565
-0.206336, -0.765313, -0.736005, 0.3639, 0.827879
0.775964, 0.928411, 0.0623207, -0.854336, -0.75108
-0.687646, -0.513739, 0.591932, 0.671925, -0.0437515
-0.129978, -0.00907414, -0.759952, 0.167865, 1.25928
1.35641, -0.0383416, 0.497006, -1.41679, -2.21105
-2.17815, 0.668925, -1.0597, 2.7922, -0.231675

0.949366, 0.865297, -0.212122, -0.968579, -0.750145
-0.742651, -0.190026, 0.835202, 0.628421, -0.000413519
0.0331098, -0.589783, -0.852324, 0.138381, 0.722451
0.635449, 0.92753, 0.285998, -0.781756, -0.906304
-0.699515, -0.623, 0.420477, 0.859323, 0.400194
-0.147825, -0.0123829, -0.732617, -0.317117, 0.595312
1.93576, 0.30513, 0.515682, -0.586488, -1.8436
-4.19726, 0.314269, -0.83704, 1.74832, 2.8782

0.868993, 0.957747, 0.0342919, -0.930039, -0.885381
-0.868678, -0.426784, 0.695935, 0.788812, 0.240239
0.264456, -0.375275, -0.908765, -0.0978936, 0.565684
0.483727, 0.863274, 0.478447, -0.652077, -1.00166
-0.790241, -0.673937, 0.25806, 0.980356, 0.857677
0.260933, -0.100122, -0.739044, -0.787221, -0.321562
1.24549, 0.935407, 0.566372, 0.413251, -0.637838
-3.61469, -0.840353, 0.0595886, -0.0462812, 4.37861

0.730761, 0.986528, 0.27831, -0.829564, -0.962492
-0.936586, -0.634429, 0.510828, 0.897178, 0.469439
0.475896, -0.140224, -0.905707, -0.331411, 0.3528
0.313632, 0.759128, 0.639287, -0.461328, -0.971328
-0.894937, -0.73433, 0.0864541, 0.97276, 1.10892
0.91311, -0.0486667, -0.737181, -1.02113, -0.95387
-0.360213, 1.28363, 0.700303, 0.969226, 0.579685
-0.758579, -1.96588, 0.811763, -1.29647, 3.1683

0.543713, 0.949701, 0.503576, -0.673871, -0.9762
-0.942379, -0.799075, 0.292964, 0.94619, 0.671557
0.658721, 0.0989094, -0.846828, -0.54598, 0.0967458
0.108578, 0.62806, 0.770297, -0.223035, -0.802035
-0.896352, -0.830981, -0.118638, 0.830516, 1.05791
1.40855, 0.259162, -0.653558, -0.95003, -0.973419
-1.82983, 0.957465, 0.872345, 0.804169, 0.990602
2.34939, -2.20276, 0.704784, -1.13387, 0.137336

0.320314, 0.849703, 0.695169, -0.473396, -0.924992
-0.886071, -0.910318, 0.0566862, 0.932241, 0.829616
0.803828, 0.329387, -0.736196, -0.724309, -0.171618
-0.135112, 0.466916, 0.865781, 0.0332033, -0.546311
-0.716199, -0.92386, -0.358952, 0.609881, 0.801241
1.42505, 0.733053, -0.443194, -0.704882, -0.503916
-2.18968, 0.0496125, 0.969309, 0.182376, 0.397424
3.48672, -1.31092, -0.3209, 0.225845, -2.47415

0.075597, 0.693194, 0.840553, -0.241536, -0.811685
-0.771385, -0.961517, -0.183245, 0.855953, 0.92911
0.900004, 0.540649, -0.577851, -0.851462, -0.415999
-0.3947, 0.265507, 0.910478, 0.274095, -0.288323
-0.380396, -0.93347, -0.601376, 0.390642, 0.554015
0.961051, 1.1311, -0.131543, -0.514664, -0.0262657
-1.27451, -0.914461, 0.893411, -0.291351, -0.623138
1.89979, 0.134945, -1.60524, 1.63567, -2.7445

-0.173969, 0.490603, 0.930257, 0.00629112, -0.643678
-0.605524, -0.949658, -0.41192, 0.722364, 0.962005
0.935859, 0.721394, -0.378031, -0.918198, -0.611131
-0.627387, 0.0231474, 0.887179, 0.477271, -0.0873658
-0.00778327, -0.801469, -0.792475, 0.221339, 0.48664
0.340792, 1.23351, 0.1943, -0.5307, -0.0118687
0.140851, -1.35712, 0.638801, -0.133755, -1.15109
-1.1084, 1.16073, -2.2489, 1.87814, -0.524311

-0.411727, 0.255421, 0.958357, 0.253676, -0.432564
-0.399011, -0.875262, -0.614477, 0.540621, 0.928362
0.904377, 0.858228, -0.148019, -0.922196, -0.751418
-0.79251, -0.240488, 0.788658, 0.637706, 0.0586463
0.270448, -0.538786, -0.890051, 0.0896799, 0.595223
-0.0260453, 1.00467, 0.440434, -0.709743, -0.55694
0.919576, -1.07579, 0.30246, 0.639928, -0.623713
-3.13673, 1.11613, -1.78526, 0.595387, 2.42627

-0.621989, 0.00328464, 0.92284, 0.484258, -0.193038
-0.165367, -0.74255, -0.776827, 0.323168, 0.834631
0.806891, 0.937588, 0.0950555, -0.866597, -0.845813
-0.873432, -0.489223, 0.624955, 0.76169, 0.202088
0.400555, -0.224111, -0.88865, -0.059419, 0.705048
0.0488134, 0.620293, 0.567259, -0.845897, -1.29621
0.424823, -0.394311, 0.0190221, 1.51218, 0.719807
-2.49465, 0.164473, -0.539532, -1.41432, 3.74357

-0.790986, -0.249063, 0.825847, 0.682745, 0.0585791
0.0796267, -0.559714, -0.887062, 0.084646, 0.690031
0.653579, 0.950022, 0.33072, -0.757208, -0.903373
-0.883061, -0.686863, 0.420247, 0.853528, 0.395374
0.43751, 0.0472116, -0.819843, -0.271949, 0.606961
0.391396, 0.336846, 0.611166, -0.729573, -1.66835
-0.984126, 0.081369, -0.13326, 1.84304, 1.99312
0.493079, -0.835781, 0.602624, -2.77044, 2.24827

-0.907627, -0.48487, 0.673697, 0.835903, 0.305723
0.319168, -0.338848, -0.937088, -0.159221, 0.503664
0.459985, 0.893998, 0.539785, -0.600508, -0.920946
-0.849213, -0.814579, 0.201232, 0.905649, 0.640124
0.493924, 0.226129, -0.726746, -0.538946, 0.224809
0.600527, 0.299723, 0.64979, -0.314242, -1.33937
-2.2065, -0.0752609, -0.184784, 1.35289, 2.3138
3.6851, -0.979205, 0.853148, -2.53706, -1.12926

-0.964128, -0.688471, 0.476564, 0.933463, 0.532564
0.536935, -0.0951938, -0.923745, -0.392564, 0.28429
0.241943, 0.776555, 0.708311, -0.403815, -0.882747
-0.791179, -0.876627, -0.0146548, 0.900126, 0.875331
0.645364, 0.337421, -0.631823, -0.79249, -0.313984
0.359835, 0.435239, 0.736278, 0.236544, -0.465204
-2.22686, -0.77921, -0.244352, 0.343299, 1.46857
4.70703, -0.00967678, 0.116067, -0.934293, -4.00377

-0.956546, -0.846317, 0.24776, 0.968869, 0.724607
0.718472, 0.154293, -0.848897, -0.60017, 0.0424859
0.0122764, 0.61034, 0.828597, -0.177151, -0.772428
-0.705427, -0.890518, -0.222768, 0.820802, 1.01479
0.864454, 0.451005, -0.522412, -0.94784, -0.761324
-0.309113, 0.509984, 0.852416, 0.66049, 0.410834
-0.895963, -1.48703, -0.407747, -0.517398, 0.0880013
2.74779, 1.46335, -0.933319, 0.811002, -4.30628

-0.885187, -0.94789, 0.00269111, 0.939768, 0.86921
0.85213, 0.392642, -0.718568, -0.768259, -0.207021
-0.218799, 0.409098, 0.897056, 0.0651088, -0.588509
-0.571319, -0.869452, -0.424326, 0.666941, 1.0064
1.03485, 0.618836, -0.365319, -0.960688, -0.925202
-1.04753, 0.31495, 0.917449, 0.784753, 0.756632
0.930834, -1.60275, -0.674233, -0.689851, -0.814574
-0.790903, 2.40349, -1.35488, 1.37917, -1.85237

-0.754731, -0.986414, -0.24231, 0.848164, 0.956332
0.92953, 0.60429, -0.541752, -0.885391, -0.445301
-0.440541, 0.184703, 0.911102, 0.304658, -0.351266
-0.372375, -0.810613, -0.614898, 0.457924, 0.868741
1.03566, 0.825779, -0.139569, -0.856474, -0.807605
-1.41832, -0.164432, 0.847741, 0.649321, 0.449125
2.0172, -0.934862, -0.936182, -0.169435, -0.604664
-3.31154, 2.12208, -0.662918, 0.358552, 1.48552

-0.573974, -0.959329, -0.471101, 0.700233, 0.979516
0.945737, 0.775897, -0.329558, -0.94342, -0.652239
-0.638901, -0.0525107, 0.867805, 0.522136, -0.0953823
-0.116659, -0.698404, -0.777742, 0.225097, 0.67685
0.83292, 0.992789, 0.13789, -0.709343, -0.59782
-1.23036, -0.723132, 0.623062, 0.470787, -0.132278
1.67216, 0.143219, -1.0527, 0.508721, 0.483922
-2.96882, 0.807394, 0.784615, -1.42541, 3.16238

-0.355148, -0.868455, -0.668696, 0.505851, 0.936825
0.899427, 0.896689, -0.0949595, -0.93831, -0.811098
-0.796925, -0.290974, 0.76557, 0.701017, 0.146652
0.159728, -0.520199, -0.887842, -0.00354046, 0.507517
0.508462, 1.03118, 0.414079, -0.586382, -0.524035
-0.681813, -1.07888, 0.308598, 0.472012, -0.395047
0.278749, 0.958435, -0.953398, 0.677201, 1.51257
-0.0868546, -0.599984, 2.03094, -2.51761, 1.88362

-0.112949, -0.71986, -0.822086, 0.277901, 0.831266
0.79316, 0.958689, 0.147213, -0.870535, -0.911891
-0.898704, -0.515465, 0.607623, 0.830272, 0.358499
0.409388, -0.282467, -0.924275, -0.21475, 0.385244
0.20347, 0.907584, 0.629323, -0.4993, -0.674658
-0.210639, -1.07699, 0.0140664, 0.706075, 0.00725311
-0.986884, 1.03649, -0.693243, 0.0534248, 1.54653
3.04724, -1.10538, 2.22802, -1.93554, -1.38341

0.136555, -0.523435, -0.921014, 0.0314502, 0.670466
0.633599, 0.957207, 0.380677, -0.744947, -0.951626
-0.934508, -0.707622, 0.404524, 0.904461, 0.541361
0.598724, -0.0145617, -0.882019, -0.409537, 0.269873
0.0185002, 0.670296, 0.752814, -0.400334, -0.926089
-0.162017, -0.802869, -0.180906, 1.00946, 0.894506
-1.04766, 0.458247, -0.414539, -1.02696, 0.380594
3.89455, -0.412812, 1.27862, 0.0622974, -4.10009

0.376962, -0.29223, -0.958693, -0.217186, 0.465708
0.431369, 0.891574, 0.58891, -0.570195, -0.93172
-0.903679, -0.849741, 0.173451, 0.921717, 0.702403
0.723141, 0.243366, -0.774427, -0.591735, 0.0953702
-0.0547357, 0.416415, 0.797841, -0.225641, -1.03446
-0.524228, -0.514868, -0.279167, 1.12275, 1.6786
0.241258, -0.200853, -0.242733, -1.84565, -1.2746
1.6092, 0.840717, -0.0778129, 2.13626, -4.06315

0.592492, -0.0415901, -0.932422, -0.451476, 0.230736
0.200343, 0.765771, 0.757001, -0.357921, -0.854834
-0.813402, -0.92968, -0.0657045, 0.881549, 0.839632
0.801453, 0.459946, -0.624456, -0.755009, -0.169817
-0.118176, 0.223842, 0.805161, 0.0469167, -0.823941
-0.935886, -0.446145, -0.355703, 0.889359, 1.8002
1.95802, -0.310524, -0.194732, -1.83675, -2.30427
-2.26562, 1.56026, -0.814014, 2.85405, -1.10154

0.76888, 0.211843, -0.843906, -0.655772, -0.0192621
-0.0436011, 0.588449, 0.873448, -0.121972, -0.72367
-0.674363, -0.943717, -0.295094, 0.784369, 0.935327
0.854242, 0.625566, -0.451133, -0.878817, -0.487358
-0.280203, 0.0992754, 0.807095, 0.370151, -0.32871
-0.962916, -0.624958, -0.49146, 0.381455, 1.156
2.79628, 0.324479, -0.170938, -1.01869, -2.02589
-4.91465, 1.03014, -0.393786, 1.7732, 2.73722

0.894274, 0.451221, -0.699181, -0.816401, -0.26834
-0.284026, 0.372147, 0.931175, 0.122325, -0.54259
-0.496507, -0.895627, -0.501601, 0.633161, 0.963604
0.88294, 0.749539, -0.261274, -0.937019, -0.766634
-0.5628, -0.0184355, 0.799945, 0.652162, 0.221591
-0.437217, -0.85142, -0.701604, -0.144923, 0.187949
2.05846, 1.29914, -0.038956, 0.00991726, -0.716547
-4.37047, -0.519556, 0.809393, -0.207238, 4.69123

0.960118, 0.660607, -0.508097, -0.922646, -0.500345
-0.505194, 0.13189, 0.927506, 0.358909, -0.320604
-0.287819, -0.792881, -0.676132, 0.435902, 0.906868
0.86584, 0.844183, -0.0524498, -0.913154, -0.92322
-0.874349, -0.202041, 0.746296, 0.815682, 0.564992
0.401537, -0.851118, -0.91425, -0.434334, -0.44227
0.204775, 1.90185, 0.254372, 0.516342, 0.582599
-1.03562, -2.05822, 1.78303, -1.512, 3.37051

0.961883, 0.826053, -0.283494, -0.967483, -0.699684
-0.69293, -0.116292, 0.863467, 0.571917, -0.0730753
-0.0566587, -0.642915, -0.81072, 0.206609, 0.768936
0.774342, 0.908379, 0.175488, -0.811127, -0.934787
-1.07004, -0.469715, 0.606004, 0.847953, 0.596942
1.07291, -0.490713, -1.01801, -0.417625, -0.35246
-1.47229, 1.65186, 0.629744, 0.189315, 0.853079
2.57574, -2.51805, 1.64427, -1.08612, -0.156796

0.899485, 0.936547, -0.0402415, -0.948023, -0.85248
-0.835171, -0.356481, 0.743126, 0.746837, 0.179734
0.18464, -0.452148, -0.896285, -0.0362593, 0.574892
0.597294, 0.923567, 0.409659, -0.653295, -0.852302
-1.05537, -0.760038, 0.372377, 0.803619, 0.442214
1.20906, 0.109025, -0.943703, -0.257335, 0.26747
-1.81627, 0.673431, 0.92448, -0.619767, -0.114506
3.72143, -1.60475, 0.328471, 0.78209, -3.13493

0.777266, 0.984753, 0.2057, -0.86563, -0.947965
-0.922448, -0.573491, 0.573454, 0.871736, 0.416861
0.418284, -0.228208, -0.923297, -0.273441, 0.357483
0.354891, 0.865654, 0.623122, -0.467278, -0.757916
-0.854855, -0.968441, 0.0854203, 0.758449, 0.352603
0.827638, 0.651647, -0.717941, -0.216551, 0.798999
-0.687532, -0.38415, 1.00865, -1.16121, -1.54151
1.53121, -0.0348281, -1.33338, 2.65218, -3.20177

0.603562, 0.967493, 0.438183, -0.725781, -0.979654
-0.948522, -0.753292, 0.364635, 0.938279, 0.621169
0.623483, 0.0167578, -0.885293, -0.488506, 0.139925
0.0911728, 0.724061, 0.785183, -0.271141, -0.701331
-0.593615, -1.01868, -0.18895, 0.748987, 0.506795
0.31516, 0.878656, -0.446451, -0.449605, 0.672724
0.920812, -0.828912, 0.87983, -0.863806, -2.24303
-2.28728, 0.995821, -2.22279, 3.01415, -0.214706

0.389987, 0.885938, 0.641793, -0.537701, -0.945883
-0.911123, -0.883633, 0.130218, 0.942314, 0.781554
0.78177, 0.264798, -0.782841, -0.669466, -0.0723969
-0.149868, 0.513478, 0.875973, -0.0677841, -0.662996
-0.404988, -0.9158, -0.398932, 0.744156, 0.865035
0.129946, 0.757564, -0.238299, -0.874314, -0.181746
1.63481, -0.448785, 0.66287, 0.213376, -1.53928
-4.71219, 0.720668, -1.7766, 1.45134, 3.58805

0.150614, 0.745512, 0.80284, -0.313803, -0.849592
-0.812505, -0.955082, -0.113525, 0.883939, 0.891838
0.881875, 0.494567, -0.625018, -0.807846, -0.285568
-0.347259, 0.269077, 0.89481, 0.147698, -0.572414
-0.333526, -0.740238, -0.5363, 0.670767, 1.19141
0.448307, 0.500538, -0.128201, -1.22532, -1.26192
0.757328, 0.325893, 0.513295, 1.40443, 0.200737
-3.71227, -0.601841, -0.422407, -1.00893, 5.25485

-0.0988693, 0.555529, 0.91038, -0.0689316, -0.697607
-0.659475, -0.962219, -0.349187, 0.767225, 0.947813
0.921078, 0.686393, -0.427133, -0.896575, -0.50153
-0.508403, 0.0282601, 0.856334, 0.373792, -0.367937
-0.306756, -0.587181, -0.633152, 0.473918, 1.22944
1.02394, 0.39735, -0.0567078, -1.25075, -1.85947
-1.17625, 0.75132, 0.49802, 1.9271, 1.81235
0.160357, -1.87095, 0.736932, -2.64552, 3.37689

-0.342033, 0.328591, 0.957122, 0.18059, -0.499864
-0.462755, -0.90451, -0.56029, 0.599799, 0.945142
0.902466, 0.826913, -0.206078, -0.928832, -0.705679
-0.653296, -0.187898, 0.777532, 0.592906, -0.0525078
-0.197495, -0.496647, -0.728627, 0.166315, 0.898775
1.37103, 0.588304, 0.0758112, -0.903924, -1.59413
-2.78077, 0.346348, 0.54556, 1.47276, 2.20775
4.13304, -1.98018, 0.762906, -2.34229, -0.789845

-0.562677, 0.0797725, 0.940022, 0.418078, -0.26887
-0.235863, -0.786391, -0.732998, 0.392435, 0.880074
0.830441, 0.910467, 0.0236436, -0.899173, -0.867854
-0.790046, -0.380067, 0.665567, 0.774335, 0.29775
0.0702119, -0.427408, -0.831338, -0.171635, 0.362294
1.1356, 0.950669, 0.322465, -0.383418, -0.706114
-2.86517, -0.723414, 0.505157, 0.444694, 1.20667
5.29353, -0.676899, -0.390699, -0.448176, -4.22719

-0.74593, -0.174372, 0.860437, 0.627669, -0.0193462
0.00612104, -0.616527, -0.856893, 0.158603, 0.752629
0.708017, 0.936728, 0.250782, -0.80636, -0.956747
-0.900754, -0.559417, 0.515684, 0.888405, 0.579863
0.452227, -0.29482, -0.906875, -0.442152, -0.089669
0.373402, 1.18759, 0.637728, 0.0114076, 0.121927
-1.34686, -1.75306, 0.270036, -0.344283, -0.317349
2.82008, 1.21742, -1.82462, 1.47248, -4.43166

-0.879392, -0.416916, 0.723871, 0.795429, 0.232266
0.247559, -0.406626, -0.924879, -0.0861861, 0.569849
0.537894, 0.906782, 0.465073, -0.655871, -0.957518
-0.949076, -0.728781, 0.320661, 0.921782, 0.731304
0.805994, -0.0439935, -0.900689, -0.593748, -0.252226
-0.479498, 1.05437, 0.901543, 0.101637, 0.284004
0.667885, -2.02395, -0.130481, -0.291483, -1.10063
-1.35536, 2.40903, -2.3704, 1.82925, -1.34126

-0.954119, -0.631712, 0.53945, 0.910282, 0.468784
0.47296, -0.170342, -0.932784, -0.325382, 0.346448
0.326351, 0.820883, 0.654259, -0.460086, -0.879695
-0.904368, -0.871151, 0.0843587, 0.882837, 0.767931
0.988044, 0.297662, -0.77946, -0.650624, -0.154499
-0.925635, 0.550654, 1.00282, -0.0410612, -0.283907
1.71257, -1.35073, -0.542221, 0.529914, -0.464292
-3.99167, 2.1087, -1.48916, 0.236461, 2.57982

-0.965273, -0.804475, 0.319275, 0.964686, 0.673757
0.66759, 0.077414, -0.879368, -0.5427, 0.101943
0.0866389, 0.679699, 0.803353, -0.235699, -0.749484
-0.764533, -0.954939, -0.171494, 0.793235, 0.763992
0.954744, 0.629534, -0.559411, -0.685729, -0.0298341
-0.775272, -0.0694918, 0.91912, -0.155597, -1.0514
1.07576, -0.22977, -0.793734, 1.41955, 1.14838
-3.01525, 0.638322, 0.295656, -2.16264, 4.20036

-0.912352, -0.923743, 0.0777391, 0.955068, 0.833109
0.818254, 0.320868, -0.76693, -0.723491, -0.144146
-0.161234, 0.488049, 0.897414, 0.000153885, -0.592195
-0.560282, -0.95269, -0.41315, 0.672123, 0.789347
0.790266, 0.843076, -0.299486, -0.757981, -0.128932
-0.284928, -0.48025, 0.73132, 0.00101499, -1.30014
-0.648982, 0.531281, -0.818586, 1.58351, 2.49461
0.862915, -0.805717, 1.77408, -3.54548, 2.1292

-0.799038, -0.981617, -0.169248, 0.88202, 0.936414
0.914359, 0.543901, -0.6021, -0.855866, -0.376089
-0.394842, 0.25805, 0.926331, 0.23273, -0.417863
-0.33719, -0.859545, -0.609741, 0.524788, 0.851691
0.640044, 0.894867, -0.0638693, -0.861542, -0.517804
0.0428105, -0.522691, 0.56126, 0.457333, -0.682306
-2.0087, 0.426058, -0.698784, 0.74991, 2.47935
4.65104, -1.06428, 1.95925, -2.80037, -2.1761

-0.63283, -0.974265, -0.405202, 0.750304, 0.977475
0.949047, 0.731063, -0.396042, -0.931395, -0.582561
-0.595308, 0.00883616, 0.888441, 0.449988, -0.220685
-0.128535, -0.697574, -0.746649, 0.344218, 0.888177
0.599413, 0.832481, 0.118226, -0.926279, -1.0158
-0.151094, -0.318053, 0.479767, 0.993343, 0.497387
-1.80341, -0.362954, -0.595905, -0.605986, 1.00473
5.34728, 0.0892568, 0.839861, -0.395591, -5.47774

-0.42457, -0.902161, -0.614204, 0.568598, 0.954231
0.920013, 0.869058, -0.163573, -0.945391, -0.754343
-0.751131, -0.237567, 0.790496, 0.640831, 0.00759673
0.0610934, -0.502504, -0.827818, 0.124154, 0.813532
0.641695, 0.753403, 0.265262, -0.869844, -1.3234
-0.79897, -0.167992, 0.455546, 1.29726, 1.49711
-0.01988, -1.10252, -0.622751, -1.60606, -0.935153
2.25482, 1.76, -0.606065, 1.95098, -5.21795

-0.187875, -0.77007, -0.782134, 0.348983, 0.868391
0.829659, 0.948274, 0.0786571, -0.896966, -0.881521
-0.857645, -0.461826, 0.644048, 0.793311, 0.260958
0.249435, -0.302476, -0.865704, -0.126653, 0.58858
0.64087, 0.727889, 0.419207, -0.662395, -1.24465
-1.4479, -0.316188, 0.384528, 1.19627, 1.6919
2.1329, -1.0731, -0.754228, -1.62736, -1.99755
-2.44158, 2.60507, -1.15751, 2.56693, -1.49835

0.061595, -0.586747, -0.897776, 0.106142, 0.725185
0.684589, 0.963757, 0.314177, -0.789055, -0.952958
-0.913073, -0.65086, 0.460855, 0.894825, 0.512378
0.45263, -0.104518, -0.86688, -0.380411, 0.25695
0.472535, 0.744389, 0.603318, -0.354683, -0.835442
-1.59849, -0.752703, 0.177419, 0.786123, 1.04511
3.12587, -0.131159, -0.846217, -0.773336, -1.51042
-5.3067, 1.86379, -0.29326, 1.10315, 2.95475

0.307114, -0.36438, -0.95361, -0.143679, 0.533371
0.49472, 0.915317, 0.528083, -0.628431, -0.959006
-0.914614, -0.797389, 0.250521, 0.934779, 0.723116
0.662355, 0.101434, -0.824555, -0.600352, -0.0788113
0.116923, 0.71946, 0.794761, -0.0473771, -0.363563
-1.08595, -1.2119, -0.161987, 0.359607, 0.134838
2.27006, 1.16311, -0.748361, 0.205059, 0.0134179
-4.26859, -0.0433864, 1.39219, -1.1889, 4.84329

0.532108, -0.117778, -0.946185, -0.383828, 0.305222
0.272406, 0.806911, 0.707469, -0.425556, -0.895831
-0.85789, -0.89645, 0.0217566, 0.90818, 0.861869
0.842093, 0.324421, -0.72397, -0.758176, -0.324801
-0.314992, 0.565269, 0.933796, 0.176185, -0.109014
-0.212927, -1.36825, -0.528682, 0.186278, -0.288925
0.248685, 1.9567, -0.424443, 0.484218, 1.2679
-0.217449, -1.81387, 2.62706, -2.40734, 2.81787

0.721444, 0.136631, -0.876152, -0.598385, 0.0560833
0.0318156, 0.64582, 0.841298, -0.194053, -0.768298
-0.74039, -0.942093, -0.214221, 0.817769, 0.920072
0.946308, 0.554556, -0.556662, -0.846398, -0.456662
-0.653829, 0.263581, 0.963382, 0.303644, -0.155472
0.470682, -1.08284, -0.785965, 0.310017, 0.118879
-1.3935, 1.74525, 0.0121218, -0.196782, 1.15849
3.65159, -2.24224, 2.42959, -1.46251, -1.46761

0.86257, 0.381919, -0.7481, -0.773188, -0.196771
-0.211556, 0.442097, 0.92045, 0.0502968, -0.589211
-0.56638, -0.927228, -0.441379, 0.673145, 0.912211
0.948842, 0.759689, -0.332616, -0.876784, -0.528057
-0.789497, -0.110569, 0.869523, 0.393327, -0.331821
0.577147, -0.512721, -0.860473, 0.519014, 1.02903
-1.42395, 0.756226, 0.375535, -1.32716, -0.346978
4.27254, -1.13628, 0.867244, 1.06657, -4.59766

0.946327, 0.601789, -0.570297, -0.896697, -0.435818
-0.441531, 0.208385, 0.938481, 0.29089, -0.375229
-0.349362, -0.84711, -0.640137, 0.48745, 0.861143
0.859499, 0.900072, -0.0806245, -0.866377, -0.620348
-0.745921, -0.434781, 0.691728, 0.520279, -0.349479
0.169772, 0.00202739, -0.790581, 0.512653, 1.68541
0.132724, -0.222286, 0.539446, -2.00696, -2.17676
1.06886, 0.53393, -0.978116, 3.34841, -4.00691

0.967388, 0.781657, -0.354324, -0.960699, -0.644989
-0.64231, -0.0402393, 0.892932, 0.511682, -0.142156
-0.109802, -0.703986, -0.792021, 0.273815, 0.779635
0.716252, 0.950752, 0.16406, -0.821889, -0.771843
-0.655942, -0.621274, 0.495348, 0.709755, -0.031922
-0.290251, 0.190014, -0.691334, 0.139497, 1.48415
2.00446, -0.441615, 0.523504, -1.63443, -2.96251
-3.57332, 1.37614, -1.82179, 3.68371, 0.0300547

0.924433, 0.909592, -0.11449, -0.960853, -0.810887
-0.799906, -0.286913, 0.786455, 0.698292, 0.0973664
0.130747, -0.509331, -0.884888, 0.0438466, 0.662196
0.558685, 0.915264, 0.376129, -0.734498, -0.940887
-0.654776, -0.673586, 0.326508, 0.909298, 0.538692
-0.301671, 0.0484435, -0.662713, -0.475235, 0.443625
2.63831, 0.234021, 0.469193, -0.374913, -2.08324
-6.10185, 0.64647, -1.15071, 1.80678, 4.56757

0.820167, 0.977089, 0.133081, -0.897043, -0.923298
-0.903553, -0.514343, 0.626934, 0.838743, 0.332603
0.355376, -0.281678, -0.915336, -0.191229, 0.493462
0.402446, 0.820448, 0.548893, -0.589138, -1.03181
-0.772532, -0.675174, 0.183604, 1.02169, 1.07127
0.284713, -0.161464, -0.71144, -1.01187, -0.795766
1.39337, 1.22001, 0.523797, 0.950488, -0.147755
-4.50951, -1.16783, 0.384626, -0.895929, 6.21159

0.661257, 0.979632, 0.37165, -0.773466, -0.975255
-0.946654, -0.706629, 0.426371, 0.923932, 0.551524
0.553722, -0.0411791, -0.886883, -0.418247, 0.266683
0.233866, 0.696263, 0.689259, -0.381246, -0.965005
-0.90801, -0.718429, 0.026832, 0.974796, 1.27647
1.13922, -0.121556, -0.74633, -1.18839, -1.44607
-0.950551, 1.65646, 0.721227, 1.47742, 1.45824
0.110485, -2.70542, 1.46664, -2.42912, 3.71224

0.458083, 0.917019, 0.58519, -0.598388, -0.963111
-0.927003, -0.850915, 0.199031, 0.948052, 0.738827
0.719281, 0.195556, -0.80555, -0.621077, -0.0020646
0.0287397, 0.55577, 0.803363, -0.127992, -0.738406
-0.904948, -0.828088, -0.181829, 0.775879, 1.07966
1.6921, 0.290421, -0.651033, -0.967473, -1.16217
-2.76483, 1.07029, 0.950869, 0.948883, 1.62056
4.36677, -2.76339, 1.12308, -1.70658, -1.05863

0.224195, 0.793397, 0.759579, -0.38356, -0.88691
-0.846438, -0.938314, -0.0402228, 0.909079, 0.87745
0.844777, 0.417115, -0.676292, -0.782422, -0.275436
-0.219267, 0.390336, 0.884343, 0.135158, -0.433361
-0.673922, -0.937777, -0.439125, 0.508782, 0.674198
1.56024, 0.895515, -0.378704, -0.580851, -0.298545
-2.79801, -0.25056, 1.03863, -0.0926307, 0.342696
5.13647, -1.22092, -0.516022, 0.614678, -4.51041

-0.0246159, 0.617, 0.883486, -0.143349, -0.750961
-0.710308, -0.963971, -0.276744, 0.809223, 0.953149
0.919746, 0.614819, -0.502954, -0.887825, -0.511869
-0.482718, 0.183586, 0.912087, 0.370746, -0.159572
-0.267379, -0.93843, -0.692351, 0.275398, 0.373381
0.838671, 1.33831, 0.00398187, -0.350891, 0.365594
-1.12588, -1.46008, 0.87903, -0.721962, -1.25799
1.94709, 0.854113, -2.29956, 2.62897, -4.06418

