2
16

0, 0.307439, 0.585097
0.585097, 0.806081, 0.948985
0.948985, 0.999966, 0.954086
0.954086, 0.815789, 0.598472
0.598472, 0.323185, 0.0165919
0.0165919, -0.291608, -0.571561
-0.571561, -0.796151, -0.943622
-0.943622, -0.99969, -0.958924
-0.958924, -0.825273, -0.611682
-0.611682, -0.338842, -0.0331792
-0.0331792, 0.275697, 0.557868
0.557868, 0.786002, 0.938
0.938, 0.99914, 0.963499
0.963499, 0.834529, 0.624724
0.624724, 0.354405, 0.0497574
0.0497574, -0.25971, -0.544021

-0.556297, -0.267948, 0.0406418
0.0372465, 0.345911, 0.616716
0.615046, 0.829479, 0.96038
0.960836, 0.999313, 0.940998
0.943463, 0.79134, 0.565833
0.569392, 0.284185, -0.0232626
-0.0199548, -0.330412, -0.603564
-0.601757, -0.820089, -0.955674
-0.956051, -0.999711, -0.946469
-0.948887, -0.801369, -0.579428
-0.582974, -0.300051, 0.00667868
0.00334651, 0.314709, 0.590261
0.588402, 0.810486, 0.950681
0.950998, 0.999839, 0.951673
0.954046, 0.811179, 0.592863
0.596395, 0.315834, 0.00990696

-0.923535, -0.755496, -0.518426
-0.522611, -0.229123, 0.0803386
0.0768683, 0.383188, 0.647715
0.645937, 0.851092, 0.970872
0.971398, 0.997092, 0.926939
0.929651, 0.766154, 0.53252
0.536395, 0.24556, -0.0632332
-0.0596641, -0.367874, -0.635078
-0.633165, -0.842225, -0.966816
-0.967283, -0.998154, -0.933026
-0.935696, -0.776706, -0.546484
-0.550347, -0.261606, 0.0466699
0.0430733, 0.3524, 0.622179
0.620209, 0.833173, 0.962458
0.96286, 0.998945, 0.938858
0.941479, 0.787042, 0.560299

-0.98379, -0.991532, -0.904381
-0.90738, -0.728706, -0.483868
-0.487936, -0.190017, 0.120018
0.116553, 0.419795, 0.677648
0.67594, 0.871352, 0.979685
0.980357, 0.993353, 0.911262
0.914126, 0.739847, 0.498282
0.502245, 0.206624, -0.103078
-0.0995213, -0.40472, -0.665465
-0.663658, -0.863051, -0.976257
-0.976883, -0.995084, -0.917952
-0.920774, -0.750903, -0.512593
-0.516545, -0.222824, 0.0865632
0.0829767, 0.389498, 0.652992
0.651127, 0.854561, 0.972542
0.973103, 0.996538, 0.9244

-0.716808, -0.897799, -0.989552
-0.990552, -0.985557, -0.886676
-0.889683, -0.700769, -0.44845
-0.452512, -0.150626, 0.159524
0.156109, 0.455713, 0.706488
0.704903, 0.890226, 0.986894
0.987725, 0.988051, 0.894093
0.897082, 0.71238, 0.463237
0.467234, 0.16737, -0.142744
-0.139254, -0.440921, -0.694757
-0.693091, -0.882511, -0.984101
-0.984889, -0.990447, -0.901382
-0.904326, -0.72392, -0.477875
-0.481862, -0.183699, 0.126304
0.122782, 0.425974, 0.682731
0.681005, 0.874598, 0.981036

-0.211413, -0.505451, -0.745591
-0.744228, -0.914645, -0.99455
-0.995624, -0.978038, -0.867481
-0.870608, -0.671696, -0.412327
-0.416377, -0.111005, 0.198787
0.195441, 0.490895, 0.734197
0.732751, 0.90768, 0.992511
0.993503, 0.981178, 0.875488
0.878588, 0.68378, 0.427454
0.431467, 0.127851, -0.182176
-0.178767, -0.476418, -0.72293
-0.721412, -0.900564, -0.990365
-0.991311, -0.984231, -0.883368
-0.886422, -0.695786, -0.442393
-0.4464, -0.144282, 0.165839
0.162395, 0.461771, 0.711372

0.364299, 0.0550119, -0.253643
-0.250373, -0.539513, -0.771635
-0.770397, -0.930048, -0.997904
-0.999134, -0.968953, -0.84691
-0.850146, -0.641544, -0.37555
-0.379586, -0.0712148, 0.23774
0.234472, 0.525291, 0.760731
0.759433, 0.923687, 0.996536
0.997687, 0.972741, 0.855483
0.858685, 0.654088, 0.390989
0.395009, 0.0881272, -0.221315
-0.217993, -0.511154, -0.749947
-0.748579, -0.91718, -0.995045
-0.996148, -0.976444, -0.863943
-0.867099, -0.66654, -0.406206
-0.410223, -0.104635, 0.205107

0.818843, 0.597178, 0.322668
0.326758, 0.0150628, -0.29207
-0.288931, -0.572716, -0.796433
-0.795347, -0.943963, -0.999669
-1.00105, -0.958323, -0.824984
-0.828323, -0.610361, -0.338178
-0.342198, -0.0313167, 0.276318
0.273136, 0.558847, 0.786049
0.784903, 0.93822, 0.998967
1.00027, 0.962751, 0.834112
0.83741, 0.623352, 0.353901
0.357921, 0.0482631, -0.260099
-0.256871, -0.545073, -0.775765
-0.774549, -0.93233, -0.998136
-0.999392, -0.967097, -0.843137
-0.84639, -0.636231, -0.36937

1.00104, 0.94072, 0.791658
0.795207, 0.564629, 0.284639
0.288634, -0.0248955, -0.330062
-0.327019, -0.605004, -0.819956
-0.819024, -0.956369, -0.999835
-1.00136, -0.946163, -0.801739
-0.805172, -0.5782, -0.300271
-0.304272, 0.0086266, 0.314458
0.311369, 0.59151, 0.810111
0.809119, 0.951254, 0.9998
1.00126, 0.951223, 0.81141
0.814797, 0.59162, 0.316248
0.320263, 0.0083224, -0.298467
-0.295337, -0.578121, -0.800344
-0.799282, -0.94599, -0.999632
-1.00104, -0.956205, -0.820985

0.850279, 0.971373, 0.997338
0.999167, 0.926396, 0.766676
0.770198, 0.531205, 0.246089
0.250077, -0.0648179, -0.367519
-0.36458, -0.636327, -0.842167
-0.841394, -0.967247, -0.998406
-1.00008, -0.932493, -0.77721
-0.780731, -0.545114, -0.26189
-0.265868, 0.0485522, 0.352097
0.349109, 0.623229, 0.832877
0.832042, 0.962769, 0.999035
1.00064, 0.938176, 0.787412
0.790882, 0.558943, 0.278091
0.282094, -0.031631, -0.336357
-0.333331, -0.610244, -0.823643
-0.822737, -0.958138, -0.999531

0.416715, 0.678943, 0.871299
0.870798, 0.98004, 0.993712
0.99559, 0.910624, 0.74039
0.743995, 0.496927, 0.207157
0.211123, -0.104637, -0.404386
-0.40156, -0.666631, -0.863033
-0.862418, -0.976579, -0.995383
-0.997196, -0.917333, -0.751436
-0.755038, -0.511156, -0.223096
-0.227047, 0.0883969, 0.389177
0.386294, 0.653954, 0.854312
0.853636, 0.972745, 0.996673
0.998429, 0.92363, 0.762156
0.765705, 0.525373, 0.239491
0.243475, -0.0715333, -0.37371
-0.370792, -0.641392, -0.845626

-0.15545, 0.160693, 0.455461
0.452797, 0.707717, 0.890235
0.889844, 0.987165, 0.988433
0.990457, 0.893392, 0.712931
0.716606, 0.461855, 0.167896
0.171832, -0.144288, -0.440607
-0.437898, -0.695871, -0.882519
-0.882063, -0.984351, -0.99077
-0.992724, -0.900706, -0.724459
-0.728133, -0.476381, -0.183951
-0.187871, 0.128098, 0.425637
0.422865, 0.683634, 0.874381
0.873865, 0.981168, 0.992719
0.994618, 0.907609, 0.735684
0.739306, 0.490964, 0.200508
0.204467, -0.111321, -0.410465

-0.675912, -0.411005, -0.111866
-0.115806, 0.200004, 0.490661
0.488131, 0.73537, 0.907718
0.907488, 0.99271, 0.981581
0.983742, 0.874732, 0.684335
0.688072, 0.426046, 0.128368
0.132267, -0.183708, -0.476123
-0.473535, -0.723998, -0.900595
-0.900299, -0.990551, -0.984576
-0.986669, -0.88264, -0.696321
-0.700062, -0.440847, -0.144517
-0.1484, 0.167592, 0.461419
0.458764, 0.712223, 0.893053
0.892697, 0.988023, 0.987179
0.989219, 0.890138, 0.708037
0.711726, 0.455772, 0.161206

-0.971562, -0.846, -0.641985
-0.645892, -0.374232, -0.0721097
-0.075937, 0.238986, 0.525092
0.522684, 0.761847, 0.923752
0.92368, 0.996668, 0.973161
0.975456, 0.854675, 0.654646
0.658439, 0.389557, 0.0886346
0.0924917, -0.222833, -0.510878
-0.508415, -0.750968, -0.917231
-0.917095, -0.995169, -0.976809
-0.979038, -0.863163, -0.667069
-0.670868, -0.40461, -0.104858
-0.1087, 0.206816, 0.496466
0.493932, 0.739675, 0.910297
0.910102, 0.9933, 0.980061
0.982238, 0.871245, 0.67926

-0.944066, -0.999611, -0.958577
-0.96115, -0.823996, -0.610896
-0.614748, -0.336885, -0.0321827
-0.0359681, 0.27759, 0.558678
0.556398, 0.787108, 0.938308
0.938398, 0.999034, 0.963186
0.965611, 0.833253, 0.623912
0.627755, 0.352446, 0.0487606
0.0525693, -0.261602, -0.544817
-0.542483, -0.776737, -0.932402
-0.932426, -0.998198, -0.967482
-0.969845, -0.842304, -0.636748
-0.6406, -0.367728, -0.0650366
-0.0688309, 0.245709, 0.530722
0.528314, 0.765946, 0.926087
0.926053, 0.996989, 0.971378

-0.602568, -0.820746, -0.956341
-0.956726, -0.999695, -0.946495
-0.949091, -0.800706, -0.578753
-0.582656, -0.298994, 0.00778496
0.00405465, 0.315751, 0.591369
0.589224, 0.81111, 0.951365
0.951616, 0.999805, 0.951673
0.954224, 0.8105, 0.592181
0.596069, 0.314773, 0.00880937
0.0125635, -0.299953, -0.577884
-0.575683, -0.801265, -0.946083
-0.946266, -0.999632, -0.95661
-0.959103, -0.820099, -0.605409
-0.609305, -0.330262, -0.0251156
-0.0288578, 0.284208, 0.564132
0.561854, 0.790994, 0.940396

-0.060653, -0.368897, -0.636022
-0.634089, -0.84289, -0.967285
-0.967761, -0.998209, -0.932827
-0.93555, -0.776132, -0.545697
-0.549637, -0.260626, 0.0477379
0.0440714, 0.353406, 0.623116
0.621108, 0.833816, 0.962902
0.963313, 0.998978, 0.938639
0.941313, 0.786453, 0.559505
0.56343, 0.276597, -0.0311553
-0.0274618, -0.337824, -0.610028
-0.607963, -0.824512, -0.958252
-0.958595, -0.999471, -0.94421
-0.946829, -0.796581, -0.573101
-0.577035, -0.292271, 0.0148413
0.0111564, 0.322253, 0.596643

0.501436, 0.205649, -0.104158
-0.100551, -0.405735, -0.666351
-0.664549, -0.863702, -0.976638
-0.977275, -0.995124, -0.917678
-0.920517, -0.750318, -0.511771
-0.51574, -0.221843, 0.0876143
0.0840166, 0.390496, 0.653866
0.651999, 0.85519, 0.972901
0.973471, 0.996554, 0.924106
0.926897, 0.761149, 0.525935
0.529892, 0.23798, -0.0710696
-0.0674425, -0.375154, -0.641196
-0.639272, -0.846442, -0.968891
-0.969392, -0.997713, -0.930301
-0.933043, -0.771788, -0.539877
-0.543843, -0.253817, 0.0547705

0.896744, 0.711795, 0.46235
0.466431, 0.166369, -0.143785
-0.140304, -0.441923, -0.695614
-0.693953, -0.883133, -0.984434
-0.985228, -0.99045, -0.901062
-0.904013, -0.723305, -0.477028
-0.481019, -0.182705, 0.12735
0.123827, 0.426962, 0.683571
0.681848, 0.875197, 0.981345
0.982074, 0.992539, 0.908097
0.911002, 0.73463, 0.491526
0.495508, 0.198983, -0.11087
-0.107315, -0.411885, -0.67134
-0.669558, -0.867018, -0.977981
-0.97864, -0.994361, -0.914906
-0.917765, -0.745761, -0.505791

0.993791, 0.981195, 0.875077
0.878275, 0.683138, 0.426604
0.430606, 0.126841, -0.183225
-0.179819, -0.477407, -0.723762
-0.722247, -0.901153, -0.990656
-0.991607, -0.984193, -0.883008
-0.886066, -0.695137, -0.441523
-0.445531, -0.143276, 0.166882
0.163439, 0.462745, 0.712183
0.710607, 0.893806, 0.988221
0.989107, 0.986938, 0.890637
0.893651, 0.706938, 0.456332
0.460333, 0.15967, -0.150492
-0.147015, -0.447957, -0.70041
-0.698774, -0.88621, -0.98551
-0.986326, -0.989422, -0.898048

0.760298, 0.924244, 0.996749
0.998001, 0.972691, 0.855103
0.858294, 0.653418, 0.390105
0.394124, 0.0871069, -0.222364
-0.219043, -0.512128, -0.750752
-0.749388, -0.917733, -0.995295
-0.996402, -0.976364, -0.863543
-0.866703, -0.66586, -0.405313
-0.409331, -0.103619, 0.206146
0.202789, 0.497788, 0.739658
0.738231, 0.910986, 0.993518
0.994561, 0.979761, 0.871755
0.874873, 0.678117, 0.420409
0.424423, 0.120101, -0.189873
-0.18648, -0.483312, -0.728361
-0.726873, -0.903985, -0.991464

0.273926, 0.559885, 0.786898
0.785786, 0.938723, 0.99919
1.00051, 0.962664, 0.833685
0.836979, 0.622649, 0.352995
0.357016, 0.0472333, -0.261144
-0.257918, -0.54603, -0.776542
-0.77533, -0.932846, -0.998344
-0.999605, -0.966975, -0.842699
-0.845955, -0.635518, -0.368457
-0.372478, -0.063797, 0.24508
0.241815, 0.532035, 0.76595
0.764674, 0.926711, 0.997228
0.998425, 0.971018, 0.851481
0.854697, 0.648212, 0.383816
0.387836, 0.0803419, -0.228951
-0.225646, -0.517895, -0.755147

-0.303556, 0.00930487, 0.31532
0.312215, 0.592531, 0.810941
0.80995, 0.951724, 0.999977
1.00145, 0.951094, 0.810945
0.814329, 0.590885, 0.315322
0.319337, 0.00728498, -0.299507
-0.296379, -0.579059, -0.801091
-0.800033, -0.946469, -0.999799
-1.00121, -0.956041, -0.820509
-0.823857, -0.604163, -0.331012
-0.33503, -0.0238738, 0.283623
0.280453, 0.565432, 0.791018
0.789896, 0.940955, 0.999345
1.00069, 0.960725, 0.829846
0.833156, 0.617273, 0.34661
0.35063, 0.0404547, -0.267662

-0.780073, -0.54437, -0.261135
-0.265201, 0.0492593, 0.352969
0.349997, 0.624235, 0.833671
0.832835, 0.963201, 0.999171
1.00079, 0.938005, 0.78691
0.790379, 0.558177, 0.277146
0.281149, -0.0326743, -0.337391
-0.334366, -0.611163, -0.82436
-0.823458, -0.95858, -0.999655
-1.00122, -0.94358, -0.797008
-0.800442, -0.571842, -0.293039
-0.297048, 0.016087, 0.321711
0.318643, 0.597924, 0.814822
0.813855, 0.953695, 0.999865
1.00136, 0.948896, 0.806886
0.810285, 0.585348, 0.308851

-0.997133, -0.916984, -0.750735
-0.754409, -0.510396, -0.222402
-0.226367, 0.0891221, 0.390082
0.387214, 0.654942, 0.855067
0.854387, 0.973139, 0.996768
0.998536, 0.923416, 0.761618
0.765165, 0.524578, 0.238527
0.242512, -0.0725808, -0.374735
-0.371819, -0.64229, -0.846311
-0.845567, -0.969159, -0.997915
-0.999623, -0.929612, -0.772234
-0.775749, -0.538608, -0.254599
-0.258592, 0.0560214, 0.359285
0.356323, 0.629461, 0.837324
0.836513, 0.964911, 0.998787
1.00043, 0.935552, 0.782637

-0.882543, -0.984605, -0.990637
-0.992697, -0.900291, -0.723802
-0.72744, -0.475633, -0.18325
-0.187197, 0.128846, 0.426564
0.423808, 0.684603, 0.875095
0.874575, 0.981523, 0.992773
0.994684, 0.907354, 0.73511
0.73873, 0.490142, 0.199529
0.203489, -0.112371, -0.41148
-0.408677, -0.67239, -0.86691
-0.866324, -0.978189, -0.994581
-0.996433, -0.91416, -0.746227
-0.749818, -0.504515, -0.215752
-0.219723, 0.0958657, 0.396284
0.393434, 0.659992, 0.858487
0.857835, 0.974586, 0.996114

-0.474413, -0.724741, -0.901047
-0.900809, -0.990744, -0.984461
-0.986563, -0.88219, -0.695632
-0.699345, -0.440105, -0.143817
-0.147732, 0.168364, 0.462362
0.459726, 0.71317, 0.893726
0.893365, 0.988338, 0.987192
0.989242, 0.889841, 0.707428
0.711115, 0.454923, 0.160212
0.164141, -0.15198, -0.447567
-0.444881, -0.701415, -0.886124
-0.885697, -0.985657, -0.989657
-0.99165, -0.897246, -0.719029
-0.722688, -0.469615, -0.176561
-0.180504, 0.135556, 0.43265
0.429915, 0.689468, 0.878279

0.091508, -0.223824, -0.511765
-0.509307, -0.751671, -0.917683
-0.91755, -0.995326, -0.976644
-0.978887, -0.862674, -0.666363
-0.670135, -0.403873, -0.104156
-0.10803, 0.207613, 0.497421
0.494909, 0.740597, 0.910928
0.910728, 0.993574, 0.980033
0.982221, 0.870907, 0.678616
0.682365, 0.418978, 0.12064
0.124531, -0.191347, -0.482938
-0.480374, -0.729319, -0.903922
-0.903655, -0.991549, -0.983153
-0.985284, -0.8789, -0.690682
-0.694405, -0.433967, -0.137089
-0.140997, 0.175029, 0.468323

0.626993, 0.351537, 0.047733
0.0515928, -0.262588, -0.54568
-0.543355, -0.777412, -0.932818
-0.932847, -0.998314, -0.967274
-0.969648, -0.841781, -0.63603
-0.639855, -0.366998, -0.0643285
-0.0681568, 0.246529, 0.531685
0.5293, 0.76684, 0.926674
0.926635, 0.997223, 0.97131
0.97363, 0.850583, 0.648721
0.652524, 0.382365, 0.0808755
0.0847236, -0.230407, -0.517537
-0.515099, -0.756058, -0.920275
-0.920169, -0.995858, -0.975078
-0.977343, -0.85915, -0.661232
-0.665013, -0.397625, -0.0973989

0.953938, 0.809976, 0.591355
0.595333, 0.313833, 0.00782002
0.0115624, -0.300926, -0.578733
-0.576536, -0.801909, -0.946464
-0.946651, -0.999707, -0.956358
-0.958861, -0.819542, -0.604682
-0.608553, -0.329536, -0.0243992
-0.0281753, 0.28505, 0.565099
0.562845, 0.791858, 0.94094
0.941061, 0.999279, 0.961034
0.963484, 0.828899, 0.61779
0.621642, 0.345141, 0.0409827
0.044781, -0.269098, -0.551309
-0.549001, -0.781588, -0.935158
-0.935212, -0.998575, -0.965445
-0.967842, -0.838027, -0.630726

0.963597, 0.999012, 0.938289
0.941062, 0.785871, 0.558719
0.562634, 0.275649, -0.0321576
-0.0284671, -0.338785, -0.610856
-0.608793, -0.825126, -0.958596
-0.958945, -0.999503, -0.943915
-0.946542, -0.795995, -0.572368
-0.57628, -0.291549, 0.0155683
0.0118505, 0.323116, 0.597609
0.595491, 0.81561, 0.953703
0.953984, 0.999738, 0.949224
0.951799, 0.805892, 0.585872
0.589767, 0.307366, 0.00102504
0.00476758, -0.307358, -0.5842
-0.582025, -0.80587, -0.948546
-0.948761, -0.999697, -0.95427

0.652759, 0.855772, 0.973143
0.973789, 0.996525, 0.923784
0.926571, 0.760542, 0.525113
0.52907, 0.23702, -0.0720734
-0.0684475, -0.376104, -0.642
-0.640079, -0.847024, -0.969197
-0.969705, -0.997702, -0.929964
-0.93271, -0.771177, -0.53914
-0.543086, -0.253096, 0.0555103
0.0518568, 0.360665, 0.629164
0.627184, 0.838059, 0.964941
0.965383, 0.9986, 0.935897
0.938593, 0.781598, 0.553018
0.55695, 0.2691, -0.0389336
-0.0352528, -0.345127, -0.616156
-0.614118, -0.828863, -0.960419

0.12481, 0.427898, 0.684325
0.682629, 0.875729, 0.981595
0.982326, 0.992475, 0.907729
0.910636, 0.733992, 0.490681
0.494664, 0.198013, -0.111872
-0.108319, -0.41282, -0.672119
-0.67034, -0.867569, -0.97825
-0.978917, -0.994308, -0.914528
-0.917389, -0.745127, -0.505052
-0.509025, -0.214239, 0.095363
0.0917796, 0.397637, 0.659714
0.657875, 0.859168, 0.974638
0.975239, 0.995866, 0.921075
0.923889, 0.756055, 0.519282
0.523244, 0.230406, -0.0788294
-0.0752162, -0.382344, -0.647128

-0.444651, -0.142298, 0.167897
0.164423, 0.463662, 0.712922
0.711354, 0.894305, 0.988429
0.98932, 0.986834, 0.890232
0.893248, 0.706269, 0.455466
0.459468, 0.15869, -0.151491
-0.148016, -0.448877, -0.701164
-0.69953, -0.886727, -0.985739
-0.986564, -0.989324, -0.897631
-0.900602, -0.717886, -0.470157
-0.474151, -0.175041, 0.135063
0.131555, 0.433973, 0.689209
0.687515, 0.878905, 0.982777
0.983537, 0.991542, 0.904782
0.907708, 0.729305, 0.484717
0.488703, 0.191344, -0.118599

-0.866219, -0.665164, -0.404375
-0.408471, -0.102622, 0.207127
0.203782, 0.498685, 0.740373
0.738951, 0.91145, 0.993688
0.994733, 0.979617, 0.871313
0.874434, 0.677418, 0.419524
0.423538, 0.119113, -0.190868
-0.187477, -0.484216, -0.729088
-0.727603, -0.904468, -0.991653
-0.992635, -0.982761, -0.8793
-0.882377, -0.6895, -0.434511
-0.438521, -0.135564, 0.174546
0.17112, 0.469615, 0.717603
0.716055, 0.897237, 0.989346
0.990263, 0.985634, 0.887043
0.890077, 0.70139, 0.449377

-0.999679, -0.966793, -0.842149
-0.845505, -0.634774, -0.367559
-0.371569, -0.0628002, 0.246064
0.242803, 0.532913, 0.766637
0.765365, 0.927139, 0.997357
0.998558, 0.970835, 0.851003
0.854222, 0.647486, 0.382912
0.386933, 0.0793477, -0.229939
-0.226637, -0.51878, -0.755847
-0.754512, -0.920764, -0.995983
-0.99712, -0.974627, -0.859564
-0.862743, -0.660012, -0.398172
-0.402191, -0.0958715, 0.21375
0.21041, 0.504506, 0.744849
0.743452, 0.914135, 0.994335
0.995407, 0.97815, 0.867888

-0.80064, -0.946862, -0.999821
-1.00132, -0.955796, -0.819993
-0.823334, -0.603398, -0.330086
-0.334103, -0.0228736, 0.2846
0.281432, 0.56629, 0.791675
0.790557, 0.941346, 0.999434
1.00079, 0.960502, 0.829334
0.832646, 0.61652, 0.345689
0.34971, 0.0394559, -0.268642
-0.265434, -0.552516, -0.781398
-0.780215, -0.935588, -0.998722
-1.00001, -0.964936, -0.838456
-0.84173, -0.62947, -0.361197
-0.365218, -0.056026, 0.252611
0.249364, 0.538591, 0.770905
0.76966, 0.929573, 0.997735

-0.335304, -0.612, -0.824946
-0.824091, -0.958916, -0.999693
-1.00125, -0.943302, -0.796448
-0.799884, -0.571052, -0.292097
-0.296107, 0.0170897, 0.322678
0.319613, 0.598761, 0.815448
0.814485, 0.954049, 0.999914
1.00142, 0.948634, 0.806339
0.809741, 0.584569, 0.307915
0.311928, -0.000498381, -0.306915
-0.303807, -0.585368, -0.8057
-0.804672, -0.948918, -0.999865
-1.00131, -0.953704, -0.816008
-0.819373, -0.597924, -0.323646
-0.327663, -0.0160917, 0.291069
0.287919, 0.571815, 0.79573

0.241556, -0.0735831, -0.375691
-0.372765, -0.643095, -0.84689
-0.846151, -0.969459, -0.997908
-0.99962, -0.929296, -0.771641
-0.775158, -0.537794, -0.253644
-0.257637, 0.0570249, 0.36024
0.357281, 0.630275, 0.837918
0.837112, 0.965228, 0.998797
1.00045, 0.935251, 0.782057
0.785542, 0.551685, 0.269649
0.273649, -0.0404512, -0.344697
-0.341694, -0.617284, -0.828714
-0.827842, -0.960731, -0.999411
-1.001, -0.940949, -0.792257
-0.795708, -0.565422, -0.285579
-0.289585, 0.0238677, 0.329061

0.738073, 0.489308, 0.198521
0.202545, -0.113378, -0.412407
-0.409615, -0.673169, -0.867458
-0.866876, -0.978451, -0.994533
-0.996389, -0.913805, -0.745602
-0.749195, -0.503678, -0.214786
-0.218756, 0.0968683, 0.397226
0.394379, 0.660782, 0.859049
0.858401, 0.974864, 0.996084
0.99788, 0.920375, 0.756526
0.760088, 0.51792, 0.230953
0.234933, -0.0803387, -0.381928
-0.379034, -0.648214, -0.850404
-0.84969, -0.971009, -0.99736
-0.999096, -0.92669, -0.767241
-0.770771, -0.532018, -0.247055

0.989103, 0.889452, 0.706704
0.710487, 0.45405, 0.159245
0.163162, -0.15298, -0.448487
-0.445806, -0.702168, -0.886639
-0.886215, -0.98588, -0.98957
-0.991567, -0.896855, -0.718373
-0.722034, -0.468757, -0.175585
-0.179527, 0.136556, 0.433577
0.430845, 0.690232, 0.878807
0.878318, 0.982943, 0.991779
0.993718, 0.904028, 0.729787
0.73342, 0.483328, 0.191889
0.195843, -0.120097, -0.418549
-0.415768, -0.678107, -0.870735
-0.87018, -0.979736, -0.993715
-0.995595, -0.910951, -0.741

0.911152, 0.993761, 0.979834
0.982118, 0.870458, 0.677931
0.68167, 0.418092, 0.119653
0.123542, -0.192341, -0.483843
-0.481281, -0.730046, -0.904401
-0.904138, -0.991733, -0.983026
-0.98516, -0.878472, -0.689996
-0.693721, -0.433088, -0.136105
-0.140012, 0.176026, 0.469235
0.466623, 0.71858, 0.897161
0.896832, 0.989452, 0.98589
0.987968, 0.886237, 0.701882
0.705582, 0.447964, 0.152518
0.15644, -0.159663, -0.454499
-0.451837, -0.706917, -0.889675
-0.889279, -0.986898, -0.988484

0.530148, 0.767539, 0.927066
0.927091, 0.997347, 0.971134
0.973451, 0.850104, 0.647995
0.651799, 0.38146, 0.079881
0.0837287, -0.231395, -0.518424
-0.515989, -0.756756, -0.920719
-0.920616, -0.996002, -0.974911
-0.97718, -0.858686, -0.660517
-0.6643, -0.396728, -0.0964071
-0.100273, 0.215213, 0.504143
0.501655, 0.745779, 0.914081
0.913912, 0.994379, 0.978427
0.98064, 0.86703, 0.672857
0.676616, 0.411886, 0.112905
0.116789, -0.198974, -0.489724
-0.487184, -0.734597, -0.907193

-0.0271869, 0.28603, 0.56595
0.563709, 0.792514, 0.941333
0.941457, 0.999367, 0.960812
0.963265, 0.828386, 0.617036
0.62089, 0.34422, 0.0399838
0.043781, -0.270078, -0.552176
-0.549871, -0.782257, -0.935565
-0.935624, -0.99868, -0.965239
-0.967639, -0.837528, -0.629984
-0.633818, -0.359735, -0.0565564
-0.0603749, 0.254056, 0.538244
0.535885, 0.771786, 0.929541
0.929533, 0.997718, 0.9694
0.971746, 0.846439, 0.642757
0.64657, 0.375149, 0.073112
0.0769508, -0.237965, -0.524165

-0.575479, -0.290614, 0.0165973
0.012834, 0.324086, 0.598439
0.59633, 0.816235, 0.954057
0.954343, 0.999786, 0.948962
0.95154, 0.805345, 0.585093
0.588989, 0.30643, 2.30926e-05
0.00376433, -0.308329, -0.585046
-0.582874, -0.806508, -0.948917
-0.949136, -0.999762, -0.954025
-0.956552, -0.815033, -0.598444
-0.602324, -0.322167, -0.0166159
-0.020381, 0.292492, 0.571485
0.569258, 0.796559, 0.943515
0.943668, 0.999463, 0.958824
0.961299, 0.824496, 0.61163
0.615491, 0.337815, 0.0332028

-0.932364, -0.770599, -0.538276
-0.542309, -0.252134, 0.0565021
0.0528601, 0.36162, 0.629978
0.628002, 0.838652, 0.965258
0.965703, 0.998608, 0.935596
0.938297, 0.781017, 0.552215
0.556148, 0.268151, -0.0399371
-0.0362577, -0.346087, -0.61698
-0.614946, -0.82947, -0.960752
-0.961131, -0.999247, -0.941287
-0.943937, -0.791236, -0.565949
-0.569868, -0.284085, 0.0233505
0.0196448, 0.330461, 0.603813
0.601721, 0.82006, 0.955982
0.956295, 0.999611, 0.946717
0.949316, 0.801236, 0.579527

-0.979139, -0.994278, -0.914116
-0.917078, -0.744493, -0.504228
-0.508191, -0.213272, 0.0963648
0.0927845, 0.398578, 0.660505
0.658668, 0.859729, 0.974916
0.975522, 0.995834, 0.920737
0.923553, 0.755442, 0.518455
0.522418, 0.229444, -0.0798327
-0.0762212, -0.383292, -0.647928
-0.646034, -0.851106, -0.971052
-0.971591, -0.997135, -0.927045
-0.929814, -0.766175, -0.532551
-0.536502, -0.245551, 0.0632789
0.0596386, 0.367901, 0.635175
0.633222, 0.84225, 0.966921
0.967394, 0.998162, 0.933098

-0.700248, -0.887255, -0.985917
-0.986821, -0.98923, -0.897249
-0.900216, -0.717229, -0.469299
-0.473294, -0.174065, 0.136064
0.132557, 0.4349, 0.689974
0.688283, 0.879432, 0.983017
0.983781, 0.99147, 0.904406
0.907335, 0.728661, 0.483867
0.487855, 0.190371, -0.1196
-0.116062, -0.419883, -0.677841
-0.67609, -0.871382, -0.979801
-0.980499, -0.993431, -0.911323
-0.914206, -0.739891, -0.498302
-0.50228, -0.206624, 0.103106
0.0995365, 0.404752, 0.665522
0.663711, 0.863094, 0.976315

-0.188451, -0.485127, -0.729796
-0.728343, -0.904944, -0.991841
-0.992824, -0.982632, -0.878872
-0.881952, -0.688813, -0.433633
-0.437644, -0.134579, 0.175542
0.172118, 0.470526, 0.718341
0.716797, 0.897729, 0.989547
0.990468, 0.985521, 0.886631
0.889668, 0.700716, 0.448508
0.452512, 0.150995, -0.159176
-0.155717, -0.455803, -0.70667
-0.705065, -0.890266, -0.986984
-0.98784, -0.988139, -0.894145
-0.897137, -0.712424, -0.463257
-0.467255, -0.167368, 0.142767
0.139275, 0.440957, 0.694805

0.386026, 0.0783573, -0.230941
-0.227614, -0.519669, -0.756541
-0.755213, -0.921206, -0.996128
-0.997269, -0.974458, -0.859101
-0.862282, -0.659297, -0.397275
-0.401294, -0.0948796, 0.214741
0.211403, 0.505399, 0.74556
0.744166, 0.914592, 0.994496
0.995572, 0.977999, 0.867439
0.870579, 0.671652, 0.412432
0.416448, 0.111378, -0.198497
-0.195123, -0.490995, -0.73437
-0.732913, -0.907728, -0.99259
-0.993602, -0.981269, -0.875538
-0.878636, -0.683821, -0.427473
-0.431485, -0.127845, 0.182199

0.832109, 0.615779, 0.344726
0.34882, 0.0384513, -0.269612
-0.266415, -0.553382, -0.782066
-0.780889, -0.935994, -0.998827
-1.00012, -0.964728, -0.837957
-0.841234, -0.628727, -0.360283
-0.364304, -0.0550289, 0.253595
0.25035, 0.539465, 0.771587
0.770345, 0.929994, 0.997856
0.999087, 0.968913, 0.846862
0.8501, 0.641515, 0.375697
0.379718, 0.0715843, -0.2375
-0.234216, -0.525401, -0.760895
-0.75959, -0.923738, -0.996611
-0.997777, -0.972831, -0.855534
-0.858731, -0.654125, -0.391007

1.00143, 0.94839, 0.805735
0.809235, 0.583782, 0.306992
0.310994, -0.00150084, -0.307885
-0.304781, -0.586213, -0.806339
-0.805314, -0.949287, -0.99993
-1.00138, -0.953457, -0.815475
-0.818842, -0.597154, -0.322716
-0.326733, -0.0150908, 0.292044
0.288896, 0.572669, 0.796381
0.795293, 0.943909, 0.999622
1.001, 0.95828, 0.824933
0.828263, 0.610354, 0.338364
0.342383, 0.0316765, -0.276123
-0.272934, -0.558967, -0.786205
-0.785053, -0.938273, -0.999039
-1.00036, -0.962839, -0.834162

0.837667, 0.965561, 0.998753
1.00049, 0.934944, 0.781488
0.784965, 0.55088, 0.2687
0.272699, -0.0414545, -0.345658
-0.342656, -0.618107, -0.829321
-0.828454, -0.961062, -0.999436
-1.00103, -0.940663, -0.791691
-0.795143, -0.564628, -0.284634
-0.28864, 0.0248706, 0.330025
0.32698, 0.604956, 0.819903
0.81897, 0.956317, 0.999791
1.00132, 0.946117, 0.801686
0.805103, 0.578218, 0.30049
0.304501, -0.00828121, -0.314304
-0.311216, -0.59164, -0.810259
-0.809261, -0.951308, -0.999871

0.395294, 0.661582, 0.85958
0.858984, 0.975138, 0.996058
0.997853, 0.920035, 0.755914
0.759477, 0.517092, 0.229991
0.233971, -0.081342, -0.382876
-0.379984, -0.649013, -0.850979
-0.850269, -0.971302, -0.997345
-0.999085, -0.926366, -0.766642
-0.770174, -0.531199, -0.246098
-0.250087, 0.0647917, 0.367479
0.364542, 0.636277, 0.842114
0.841338, 0.967196, 0.998363
1.00004, 0.932442, 0.777158
0.780657, 0.545159, 0.262137
0.266133, -0.0482251, -0.351982
-0.349, -0.623367, -0.833017

-0.178556, 0.137557, 0.434507
0.431771, 0.690997, 0.879333
0.878849, 0.983182, 0.991707
0.99365, 0.903651, 0.729143
0.732779, 0.482478, 0.190916
0.19487, -0.121099, -0.419482
-0.416704, -0.678882, -0.871277
-0.870725, -0.979991, -0.99366
-0.995544, -0.91059, -0.740369
-0.743975, -0.496923, -0.20717
-0.211135, 0.104609, 0.404345
0.40152, 0.666581, 0.862979
0.862362, 0.97653, 0.995339
0.997163, 0.917277, 0.751389
0.754965, 0.51123, 0.223365
0.227341, -0.0880912, -0.389098

-0.693018, -0.43222, -0.135086
-0.139051, 0.177026, 0.470138
0.467536, 0.719317, 0.897653
0.897329, 0.989651, 0.985779
0.98786, 0.885823, 0.701208
0.704909, 0.447094, 0.151537
0.155458, -0.160661, -0.455418
-0.452758, -0.707665, -0.890182
-0.88979, -0.987113, -0.988388
-0.990412, -0.893359, -0.712913
-0.716587, -0.461853, -0.167911
-0.171846, 0.144258, 0.440564
0.437856, 0.69582, 0.882466
0.882008, 0.984304, 0.990726
0.992692, 0.900648, 0.72442
0.728067, 0.476485, 0.184237

-0.976978, -0.858238, -0.659748
-0.663624, -0.395824, -0.0954278
-0.099282, 0.216204, 0.505035
0.502552, 0.746488, 0.914539
0.914374, 0.994539, 0.978275
0.980492, 0.86658, 0.672154
0.675914, 0.410996, 0.111916
0.115799, -0.199967, -0.490625
-0.488088, -0.735318, -0.907665
-0.907434, -0.992659, -0.981538
-0.983699, -0.874701, -0.684319
-0.688055, -0.426046, -0.128384
-0.132284, 0.183676, 0.476079
0.473491, 0.723946, 0.900542
0.900244, 0.990505, 0.98453
0.986634, 0.882579, 0.696295

-0.93599, -0.998802, -0.964975
-0.967473, -0.837021, -0.629254
-0.633078, -0.35882, -0.0555602
-0.0593761, 0.255039, 0.539119
0.536762, 0.772466, 0.929962
0.929958, 0.997838, 0.969209
0.971558, 0.845954, 0.642025
0.64584, 0.374242, 0.0721168
0.0759546, -0.238952, -0.525048
-0.522638, -0.761795, -0.923698
-0.923627, -0.996618, -0.973119
-0.975414, -0.854645, -0.654632
-0.658425, -0.389559, -0.0886533
-0.0925103, 0.2228, 0.510833
0.50837, 0.750915, 0.917179
0.917042, 0.995123, 0.976761

-0.583687, -0.807159, -0.949246
-0.949534, -0.999821, -0.953786
-0.95631, -0.814498, -0.597676
-0.601556, -0.321237, -0.0156147
-0.0193791, 0.293467, 0.572339
0.570116, 0.797209, 0.9439
0.944056, 0.999543, 0.958594
0.961072, 0.823976, 0.610872
0.614734, 0.336891, 0.0322032
0.0359899, -0.277555, -0.558631
-0.556352, -0.787055, -0.938254
-0.938344, -0.998985, -0.963145
-0.96557, -0.833225, -0.623899
-0.627743, -0.352451, -0.0487813
-0.0525898, 0.261567, 0.54477
0.542436, 0.776684, 0.932351

-0.0372468, -0.347051, -0.617793
-0.615776, -0.830075, -0.961085
-0.961467, -0.99927, -0.941002
-0.943655, -0.790668, -0.565155
-0.569075, -0.283141, 0.0243535
0.0206493, 0.331425, 0.604645
0.602557, 0.820679, 0.956329
0.956646, 0.999651, 0.946448
0.949051, 0.800682, 0.578743
0.582647, 0.299002, -0.00776114
-0.00403157, -0.315713, -0.591322
-0.589177, -0.811057, -0.951312
-0.951562, -0.999756, -0.951633
-0.954185, -0.810474, -0.592171
-0.596058, -0.314779, -0.00883205
-0.0125859, 0.299916, 0.577836

0.521582, 0.228488, -0.0808588
-0.0772076, -0.384242, -0.648722
-0.646836, -0.85168, -0.971345
-0.971889, -0.997119, -0.926722
-0.929493, -0.765575, -0.531732
-0.535685, -0.244593, 0.0642824
0.0606437, 0.368853, 0.635985
0.634035, 0.842837, 0.967231
0.967707, 0.998162, 0.93279
0.935513, 0.776109, 0.54569
0.54963, 0.260636, -0.0477125
-0.044046, -0.353367, -0.623067
-0.62106, -0.833763, -0.962849
-0.96326, -0.99893, -0.938601
-0.941275, -0.786429, -0.559497
-0.563422, -0.276606, 0.0311307

0.90693, 0.728031, 0.482969
0.487041, 0.189392, -0.12059
-0.117064, -0.420817, -0.678615
-0.676868, -0.871923, -0.980056
-0.980758, -0.993374, -0.910961
-0.913848, -0.739258, -0.497461
-0.50144, -0.205655, 0.104108
0.100541, 0.405691, 0.666307
0.6645, 0.863648, 0.976586
0.977222, 0.995078, 0.917642
0.920481, 0.750297, 0.511766
0.515735, 0.221854, -0.0875869
-0.0839894, -0.390456, -0.653816
-0.65195, -0.855136, -0.972848
-0.973418, -0.996508, -0.92407
-0.926861, -0.761127, -0.525929

0.990628, 0.985427, 0.886159
0.889297, 0.700033, 0.44765
0.451645, 0.150013, -0.160173
-0.156718, -0.456721, -0.707419
-0.705817, -0.890772, -0.9872
-0.98806, -0.988042, -0.893747
-0.896742, -0.711762, -0.462395
-0.466394, -0.16639, 0.143767
0.140276, 0.441881, 0.695565
0.693903, 0.883079, 0.984382
0.985176, 0.990405, 0.901029
0.903979, 0.723286, 0.477025
0.481016, 0.182719, -0.127321
-0.123798, -0.42692, -0.683521
-0.681798, -0.875143, -0.981293
-0.982021, -0.992494, -0.908063

0.744838, 0.915065, 0.994608
0.995768, 0.97784, 0.867
0.870134, 0.670947, 0.411543
0.415558, 0.110389, -0.19949
-0.196118, -0.491895, -0.735091
-0.733638, -0.908198, -0.992767
-0.993783, -0.981132, -0.875104
-0.878204, -0.683128, -0.426592
-0.430604, -0.126859, 0.183195
0.179787, 0.477363, 0.723711
0.722196, 0.901099, 0.990605
0.991556, 0.984149, 0.882976
0.886033, 0.69512, 0.441522
0.44553, 0.143292, -0.166851
-0.163408, -0.462702, -0.712132
-0.710556, -0.893752, -0.988169

0.251312, 0.540347, 0.772245
0.771042, 0.930412, 0.997981
0.999212, 0.968721, 0.846377
0.849617, 0.640783, 0.37479
0.378811, 0.070589, -0.238486
-0.235205, -0.526283, -0.761588
-0.760287, -0.924173, -0.996748
-0.997918, -0.972655, -0.855063
-0.858263, -0.653404, -0.390107
-0.394126, -0.0871257, 0.22233
0.21901, 0.512083, 0.7507
0.749336, 0.917679, 0.995245
0.996351, 0.976321, 0.863513
0.866672, 0.665844, 0.405315
0.409332, 0.103637, -0.206113
-0.202756, -0.497743, -0.739606

-0.325803, -0.0140926, 0.29303
0.289863, 0.573524, 0.797028
0.795947, 0.944293, 0.999703
1.00109, 0.958049, 0.824413
0.827746, 0.609595, 0.33744
0.341459, 0.0306769, -0.277101
-0.273915, -0.55983, -0.786869
-0.78572, -0.938672, -0.999136
-1.00046, -0.962624, -0.833657
-0.836952, -0.622636, -0.352999
-0.35702, -0.0472542, 0.261109
0.257883, 0.545984, 0.77649
0.775277, 0.932792, 0.998295
0.999555, 0.966934, 0.84267
0.845926, 0.635505, 0.36846
0.372481, 0.0638171, -0.245046

-0.794553, -0.563845, -0.283649
-0.287726, 0.025879, 0.33098
0.327946, 0.605789, 0.820521
0.819594, 0.956663, 0.999832
1.00137, 0.945846, 0.801132
0.804552, 0.577434, 0.299551
0.303562, -0.00928353, -0.315273
-0.312187, -0.592481, -0.810892
-0.809898, -0.95167, -0.999928
-1.0014, -0.951055, -0.810919
-0.814303, -0.590874, -0.315328
-0.319343, -0.0073078, 0.29947
0.296342, 0.579012, 0.801038
0.79998, 0.946416, 0.999749
1.00116, 0.956001, 0.820482
0.82383, 0.604152, 0.331018

-0.999031, -0.92606, -0.765985
-0.769615, -0.530373, -0.245154
-0.249131, 0.0657957, 0.368431
0.365497, 0.637086, 0.842702
0.841929, 0.967504, 0.998363
1.00005, 0.932133, 0.776571
0.780073, 0.54435, 0.261184
0.265181, -0.0492285, -0.35294
-0.34996, -0.624186, -0.833619
-0.832781, -0.963148, -0.999123
-1.00075, -0.937967, -0.786886
-0.790354, -0.558169, -0.277154
-0.281158, 0.0326496, 0.337353
0.334328, 0.611115, 0.824307
0.823404, 0.958526, 0.999607
1.00117, 0.943542, 0.796983

-0.871226, -0.980262, -0.99355
-0.995527, -0.910221, -0.739748
-0.743346, -0.496081, -0.206202
-0.210166, 0.105611, 0.405285
0.402461, 0.667366, 0.863534
0.862921, 0.9768, 0.9953
0.997127, 0.91693, 0.75077
0.754348, 0.510398, 0.222401
0.226376, -0.0890942, -0.390043
-0.387173, -0.654893, -0.855013
-0.854334, -0.973087, -0.996721
-0.998489, -0.92338, -0.761596
-0.765143, -0.524573, -0.238538
-0.242523, 0.0725542, 0.374695
0.371779, 0.642241, 0.846258
0.845513, 0.969106, 0.997868

-0.453647, -0.708424, -0.890655
-0.890321, -0.987324, -0.988299
-0.990321, -0.892959, -0.712251
-0.715926, -0.460991, -0.166932
-0.170868, 0.145257, 0.441489
0.438783, 0.696578, 0.882987
0.882532, 0.984535, 0.990646
0.992616, 0.900263, 0.72377
0.727419, 0.475631, 0.183263
0.187211, -0.128817, -0.426522
-0.423767, -0.684553, -0.875042
-0.874521, -0.981471, -0.992727
-0.994638, -0.907319, -0.73509
-0.73871, -0.490138, -0.199542
-0.203502, 0.112342, 0.411439
0.408636, 0.67234, 0.866857

0.114818, -0.200961, -0.491524
-0.48899, -0.736038, -0.908136
-0.907909, -0.992834, -0.981401
-0.983566, -0.874265, -0.683627
-0.687365, -0.425164, -0.127398
-0.131296, 0.184671, 0.476987
0.474402, 0.724678, 0.901028
0.900734, 0.990697, 0.98441
0.986518, 0.882158, 0.695615
0.699328, 0.440104, 0.143833
0.147747, -0.168333, -0.462319
-0.459683, -0.713119, -0.893672
-0.893311, -0.988287, -0.987147
-0.989198, -0.889808, -0.70741
-0.711097, -0.454922, -0.160227
-0.164156, 0.15195, 0.447524

0.645093, 0.373343, 0.0710908
0.0749818, -0.239942, -0.525922
-0.523522, -0.762487, -0.924133
-0.924067, -0.996753, -0.972943
-0.975241, -0.854174, -0.653911
-0.657706, -0.388659, -0.0876603
-0.0915163, 0.223789, 0.511723
0.509263, 0.751619, 0.91763
0.917496, 0.995276, 0.976601
0.978844, 0.862644, 0.666348
0.67012, 0.403875, 0.104174
0.108048, -0.20758, -0.497377
-0.494865, -0.740545, -0.910874
-0.910674, -0.993524, -0.97999
-0.982178, -0.870876, -0.6786
-0.682348, -0.418979, -0.120657

0.960808, 0.823472, 0.61006
0.614014, 0.33596, 0.0312159
0.0349909, -0.278533, -0.559493
-0.557218, -0.787717, -0.938654
-0.938747, -0.999081, -0.96293
-0.965359, -0.832718, -0.623152
-0.626996, -0.351533, -0.0477832
-0.0515906, 0.262549, 0.545641
0.54331, 0.777359, 0.932765
0.932792, 0.998264, 0.967232
0.969607, 0.841752, 0.636017
0.639842, 0.367001, 0.0643485
0.0681766, -0.246494, -0.531639
-0.529255, -0.766788, -0.926621
-0.926581, -0.997173, -0.971268
-0.973588, -0.850554, -0.648707

0.956953, 0.999709, 0.946121
0.948822, 0.80012, 0.577971
0.581866, 0.298062, -0.00876253
-0.00503576, -0.316682, -0.592163
-0.590021, -0.811689, -0.951674
-0.951929, -0.999812, -0.95138
-0.953934, -0.809933, -0.591397
-0.595285, -0.313846, -0.00783057
-0.0115832, 0.300889, 0.578687
0.576489, 0.801857, 0.94641
0.946598, 0.999658, 0.956319
0.958821, 0.819516, 0.604671
0.608542, 0.329542, 0.0244212
0.0281972, -0.285014, -0.565052
-0.562799, -0.791805, -0.940887
-0.941008, -0.99923, -0.960994

0.63481, 0.843438, 0.967496
0.968047, 0.998156, 0.932491
0.935209, 0.775521, 0.544882
0.548822, 0.259683, -0.0487163
-0.0450507, -0.354324, -0.623886
-0.621882, -0.834363, -0.963174
-0.963588, -0.998946, -0.938309
-0.940985, -0.785854, -0.558698
-0.562624, -0.275659, 0.032134
0.0284421, 0.338747, 0.610807
0.608746, 0.825073, 0.958543
0.958891, 0.999455, 0.943877
0.946503, 0.795971, 0.572359
0.576271, 0.291556, -0.0155444
-0.0118267, -0.323078, -0.597562
-0.595443, -0.815557, -0.953649

0.101526, 0.406635, 0.667078
0.665295, 0.8642, 0.976859
0.977497, 0.995037, 0.917296
0.920138, 0.749677, 0.510934
0.514904, 0.22089, -0.08859
-0.0849941, -0.3914, -0.654611
-0.652748, -0.855703, -0.973134
-0.973708, -0.996483, -0.923739
-0.926533, -0.76052, -0.525107
-0.529065, -0.237031, 0.0720465
0.0684213, 0.376064, 0.641951
0.64003, 0.846971, 0.969144
0.969652, 0.997655, 0.929928
0.932673, 0.771154, 0.539134
0.543079, 0.253106, -0.0554845
-0.0518311, -0.360625, -0.629116

-0.465526, -0.165417, 0.144786
0.141262, 0.442807, 0.696319
0.694664, 0.883599, 0.984613
0.985412, 0.990323, 0.900645
0.903598, 0.722635, 0.476171
0.480163, 0.181744, -0.128322
-0.124801, -0.42785, -0.68429
-0.682571, -0.875677, -0.98154
-0.982273, -0.992429, -0.907694
-0.910602, -0.733972, -0.490677
-0.49466, -0.198026, 0.111843
0.108291, 0.412779, 0.67207
0.67029, 0.867515, 0.978197
0.978864, 0.994262, 0.914493
0.917354, 0.745106, 0.505047
0.50902, 0.214252, -0.0953353

-0.877741, -0.68245, -0.425663
-0.429756, -0.125866, 0.184179
0.180783, 0.478271, 0.724442
0.722932, 0.901584, 0.990797
0.991752, 0.984028, 0.882555
0.885616, 0.694439, 0.440648
0.444656, 0.142309, -0.167848
-0.164407, -0.463616, -0.712876
-0.711303, -0.894251, -0.988378
-0.989268, -0.98679, -0.890199
-0.893215, -0.706251, -0.455464
-0.459466, -0.158705, 0.151461
0.147986, 0.448834, 0.701113
0.69948, 0.886673, 0.985687
0.986512, 0.98928, 0.897597
0.900569, 0.717868, 0.470154

-0.998016, -0.972497, -0.854534
-0.857834, -0.652675, -0.389219
-0.393228, -0.086132, 0.223318
0.220002, 0.512972, 0.751405
0.750043, 0.918128, 0.995397
0.996508, 0.97616, 0.863056
0.866218, 0.665135, 0.404422
0.408439, 0.102646, -0.207105
-0.203751, -0.49864, -0.740322
-0.738899, -0.911396, -0.993636
-0.994682, -0.979574, -0.871282
-0.874402, -0.677403, -0.419525
-0.423539, -0.119131, 0.190836
0.187445, 0.484172, 0.729037
0.727551, 0.904414, 0.991602
0.992583, 0.982717, 0.879268

-0.786345, -0.939086, -0.999182
-1.00059, -0.962402, -0.833161
-0.836449, -0.621887, -0.352082
-0.356102, -0.0462561, 0.262091
0.258866, 0.546854, 0.777164
0.775956, 0.933205, 0.998407
0.999671, 0.966733, 0.842178
0.845437, 0.634768, 0.36755
0.371571, 0.0628208, -0.246031
-0.242768, -0.532868, -0.766585
-0.765313, -0.927085, -0.997307
-0.998508, -0.970793, -0.850974
-0.854193, -0.647472, -0.382915
-0.386935, -0.079367, 0.229905
0.226603, 0.518735, 0.755795
0.75446, 0.92071, 0.995933

-0.313132, -0.593331, -0.811498
-0.810549, -0.952028, -0.999989
-1.00146, -0.950799, -0.810379
-0.813765, -0.5901, -0.314395
-0.318411, -0.00630628, 0.300443
0.297318, 0.579862, 0.801683
0.800629, 0.946792, 0.999822
1.00124, 0.955762, 0.819956
0.823306, 0.603387, 0.330091
0.334109, 0.0228955, -0.284563
-0.281396, -0.566243, -0.791623
-0.790504, -0.941292, -0.999385
-1.00074, -0.960461, -0.829306
-0.832619, -0.616508, -0.345694
-0.349714, -0.0394771, 0.268606
0.265399, 0.55247, 0.781345

0.264231, -0.0502305, -0.353905
-0.350912, -0.625005, -0.834216
-0.833385, -0.963471, -0.999139
-1.00077, -0.937673, -0.786312
-0.789783, -0.557369, -0.276207
-0.28021, 0.0336528, 0.338315
0.335293, 0.611942, 0.82492
0.824022, 0.958865, 0.99964
1.0012, 0.943264, 0.796423
0.799859, 0.571043, 0.292105
0.296114, -0.0170657, -0.32264
-0.319575, -0.598713, -0.815395
-0.814432, -0.953996, -0.999866
-1.00137, -0.948595, -0.806314
-0.809715, -0.584559, -0.307922
-0.311935, 0.000475183, 0.306878

0.753708, 0.509577, 0.221399
0.22544, -0.0901022, -0.390978
-0.388119, -0.655687, -0.85558
-0.854906, -0.973371, -0.996697
-0.998469, -0.923048, -0.76099
-0.764539, -0.523749, -0.237579
-0.241563, 0.0735575, 0.375645
0.372732, 0.643045, 0.846839
0.846098, 0.969406, 0.997861
0.999572, 0.929259, 0.771619
0.775135, 0.537788, 0.253654
0.257647, -0.056999, -0.360201
-0.357242, -0.630226, -0.837865
-0.837058, -0.965175, -0.998749
-1.0004, -0.935214, -0.782034
-0.785518, -0.551677, -0.269658

0.992499, 0.899896, 0.723064
0.726809, 0.474769, 0.182301
0.186238, -0.129818, -0.427451
-0.424701, -0.685321, -0.875576
-0.875059, -0.981717, -0.992663
-0.994578, -0.906949, -0.734452
-0.738074, -0.489293, -0.198571
-0.202531, 0.113344, 0.412375
0.409575, 0.673119, 0.867405
0.866822, 0.978399, 0.994487
0.996343, 0.91377, 0.745582
0.749174, 0.503673, 0.214798
0.218768, -0.0968405, -0.397186
-0.394338, -0.660732, -0.858996
-0.858347, -0.974812, -0.996037
-0.997833, -0.920339, -0.756505

0.901179, 0.990906, 0.984234
0.986438, 0.88173, 0.694946
0.69865, 0.439229, 0.14285
0.146762, -0.16933, -0.463234
-0.4606, -0.713861, -0.894171
-0.893815, -0.988494, -0.987043
-0.989098, -0.889402, -0.706742
-0.71043, -0.454055, -0.159247
-0.163175, 0.152949, 0.448446
0.445763, 0.702118, 0.886584
0.886161, 0.985828, 0.989525
0.991522, 0.896822, 0.718354
0.722015, 0.468755, 0.175599
0.179541, -0.136527, -0.433535
-0.430803, -0.690182, -0.878754
-0.878264, -0.982891, -0.991734

0.510123, 0.752335, 0.918043
0.917972, 0.995423, 0.976448
0.978689, 0.862186, 0.665639
0.669412, 0.402981, 0.103183
0.107057, -0.208572, -0.498274
-0.495765, -0.74126, -0.911339
-0.911142, -0.993691, -0.979847
-0.982037, -0.870433, -0.677903
-0.681652, -0.418093, -0.119669
-0.12356, 0.192309, 0.483799
0.481238, 0.729994, 0.904347
0.904084, 0.991682, 0.982982
0.985116, 0.87844, 0.689979
0.693704, 0.433088, 0.136121
0.140028, -0.175994, -0.469192
-0.46658, -0.718529, -0.897107

-0.0506035, 0.263533, 0.546506
0.544185, 0.778033, 0.933179
0.93321, 0.998376, 0.967033
0.969411, 0.841259, 0.63528
0.639106, 0.36609, 0.0633522
0.0671793, -0.247479, -0.532518
-0.530136, -0.767474, -0.927049
-0.927014, -0.997301, -0.971085
-0.973408, -0.850075, -0.647981
-0.651786, -0.381463, -0.0799005
-0.0837474, 0.231361, 0.518379
0.515944, 0.756704, 0.920665
0.920563, 0.995952, 0.974869
0.977137, 0.858656, 0.660503
0.664285, 0.39673, 0.0964255
0.100291, -0.21518, -0.504098

-0.594499, -0.312921, -0.00680162
-0.0106018, 0.301865, 0.579529
0.577341, 0.802501, 0.946786
0.946979, 0.99973, 0.95608
0.958585, 0.818988, 0.603907
0.607779, 0.328614, 0.0234209
0.0271956, -0.285991, -0.565911
-0.56366, -0.792461, -0.941279
-0.941404, -0.999318, -0.960771
-0.963224, -0.828359, -0.617025
-0.620878, -0.344225, -0.040005
-0.0438021, 0.270042, 0.55213
0.549825, 0.782204, 0.935511
0.93557, 0.99863, 0.965198
0.967598, 0.8375, 0.629971
0.633805, 0.359739, 0.0565768

-0.94066, -0.785296, -0.557847
-0.561862, -0.274704, 0.0331253
0.0294451, 0.339709, 0.611634
0.609577, 0.825685, 0.958883
0.959234, 0.999487, 0.943599
0.946229, 0.795409, 0.57157
0.575482, 0.290615, -0.0165472
-0.0128308, -0.324044, -0.598399
-0.596283, -0.816182, -0.954004
-0.95429, -0.999737, -0.948923
-0.951502, -0.805319, -0.585083
-0.588979, -0.306437, -4.62395e-05
-0.00378737, 0.308292, 0.584998
0.582827, 0.806455, 0.948863
0.949082, 0.999713, 0.953985
0.956512, 0.815007, 0.598434

-0.973954, -0.996477, -0.92335
-0.926244, -0.759906, -0.524296
-0.528244, -0.236071, 0.0730489
0.0694268, 0.377013, 0.642756
0.640837, 0.847551, 0.969445
0.969958, 0.997647, 0.929612
0.93236, 0.77056, 0.53832
0.542266, 0.252151, -0.0564881
-0.0528362, -0.36158, -0.62993
-0.627953, -0.838599, -0.965205
-0.965651, -0.99856, -0.935559
-0.938259, -0.780994, -0.552207
-0.55614, -0.26816, 0.0399119
0.0362327, 0.346049, 0.616932
0.614897, 0.829416, 0.960699
0.961078, 0.999199, 0.941249

-0.683305, -0.876225, -0.981742
-0.982552, -0.992359, -0.907334
-0.910237, -0.733333, -0.489833
-0.493815, -0.197055, 0.112846
0.109294, 0.413715, 0.672849
0.671074, 0.868062, 0.97846
0.979131, 0.994213, 0.914139
0.917003, 0.74448, 0.504211
0.508185, 0.213285, -0.0963381
-0.0927564, -0.398537, -0.660455
-0.658619, -0.859675, -0.974864
-0.975469, -0.995788, -0.920701
-0.923517, -0.755421, -0.518449
-0.522413, -0.229455, 0.0798057
0.0761943, 0.383252, 0.647879
0.645985, 0.851053, 0.970999

-0.165385, -0.464536, -0.713601
-0.712059, -0.894748, -0.988588
-0.98948, -0.986684, -0.889793
-0.892812, -0.705582, -0.454598
-0.458601, -0.157724, 0.15246
0.148987, 0.449755, 0.701867
0.700237, 0.887185, 0.985911
0.98674, 0.989191, 0.897206
0.900181, 0.717211, 0.469296
0.473292, 0.174079, -0.136034
-0.132528, -0.434858, -0.689924
-0.688233, -0.879378, -0.982965
-0.983728, -0.991424, -0.904372
-0.907301, -0.728641, -0.483864
-0.487851, -0.190385, 0.119571
0.116033, 0.419842, 0.677791

0.407542, 0.10166, -0.208113
-0.204731, -0.499539, -0.741033
-0.739617, -0.91186, -0.993804
-0.994855, -0.979428, -0.87084
-0.873962, -0.676704, -0.418639
-0.422653, -0.118143, 0.19183
0.188441, 0.485076, 0.729764
0.728282, 0.904892, 0.991787
0.992772, 0.982588, 0.87884
0.881921, 0.688796, 0.433633
0.437643, 0.134596, -0.175511
-0.172087, -0.470482, -0.71829
-0.716746, -0.897675, -0.989496
-0.990416, -0.985477, -0.886598
-0.889635, -0.700698, -0.448506
-0.452511, -0.151011, 0.159145

0.844919, 0.634043, 0.366594
0.370692, 0.0618186, -0.247006
-0.243753, -0.533746, -0.76727
-0.766004, -0.927512, -0.997436
-0.99864, -0.970608, -0.850495
-0.853717, -0.646745, -0.382011
-0.386032, -0.0783727, 0.230893
0.227593, 0.519621, 0.756493
0.755162, 0.921152, 0.996078
0.997218, 0.974416, 0.859071
0.862252, 0.659282, 0.397277
0.401296, 0.0948981, -0.214708
-0.21137, -0.505355, -0.745508
-0.744114, -0.914538, -0.994445
-0.995522, -0.977956, -0.867409
-0.870548, -0.671636, -0.412433

1.00127, 0.955541, 0.819371
0.82282, 0.602615, 0.329177
0.333184, 0.0218947, -0.285539
-0.282376, -0.567101, -0.79228
-0.791164, -0.941683, -0.999473
-1.00083, -0.960237, -0.828793
-0.832108, -0.615754, -0.344774
-0.348794, -0.0384782, 0.269587
0.266381, 0.553336, 0.782014
0.780836, 0.93594, 0.998777
1.00007, 0.964688, 0.837929
0.841206, 0.628715, 0.360287
0.364308, 0.0550493, -0.25356
-0.250316, -0.539419, -0.771535
-0.770292, -0.92994, -0.997806
-0.999036, -0.968872, -0.846833

0.824596, 0.95922, 0.99962
1.00127, 0.942979, 0.795873
0.799302, 0.570253, 0.291165
0.295172, -0.0180683, -0.323607
-0.320544, -0.599549, -0.816021
-0.815062, -0.954349, -0.999914
-1.00142, -0.948332, -0.805767
-0.80917, -0.583779, -0.306986
-0.310999, 0.00147709, 0.307849
0.304743, 0.586166, 0.806285
0.805261, 0.949233, 0.999881
1.00133, 0.953418, 0.815449
0.818816, 0.597144, 0.322723
0.326739, 0.0151133, -0.292008
-0.28886, -0.572622, -0.796328
-0.79524, -0.943856, -0.999573

0.373655, 0.643858, 0.847391
0.8467, 0.969703, 0.997858
0.999569, 0.928942, 0.771025
0.774543, 0.536973, 0.252699
0.256692, -0.0580025, -0.361156
-0.3582, -0.63104, -0.838459
-0.837656, -0.96549, -0.998758
-1.00041, -0.934913, -0.781453
-0.78494, -0.550873, -0.268709
-0.272708, 0.0414294, 0.345619
0.342618, 0.618059, 0.829268
0.8284, 0.961009, 0.999388
1.00098, 0.940625, 0.791666
0.795119, 0.564619, 0.284643
0.288649, -0.0248463, -0.329988
-0.326943, -0.604909, -0.819849

-0.201565, 0.114346, 0.413315
0.410508, 0.673899, 0.86795
0.867373, 0.97866, 0.994439
0.996298, 0.913415, 0.744956
0.74855, 0.502836, 0.213831
0.217801, -0.0978432, -0.398128
-0.395283, -0.661521, -0.859557
-0.858912, -0.975089, -0.996006
-0.997805, -0.919999, -0.755892
-0.759456, -0.517087, -0.230002
-0.233982, 0.0813148, 0.382836
0.379944, 0.648964, 0.850925
0.850215, 0.97125, 0.997298
0.999038, 0.92633, 0.766619
0.770151, 0.531193, 0.246109
0.250098, -0.0647655, -0.36744

-0.709743, -0.453199, -0.158232
-0.16222, 0.153952, 0.449358
0.446685, 0.702871, 0.887097
0.886679, 0.98605, 0.989437
0.991437, 0.896429, 0.717697
0.721361, 0.467896, 0.174623
0.178564, -0.137527, -0.434463
-0.431734, -0.690946, -0.879281
-0.878796, -0.98313, -0.991662
-0.993604, -0.903617, -0.729124
-0.732759, -0.482475, -0.19093
-0.194883, 0.12107, 0.419441
0.416663, 0.678832, 0.871223
0.870671, 0.979938, 0.993614
0.995498, 0.910555, 0.740348
0.743954, 0.496919, 0.207182

-0.981858, -0.870007, -0.67715
-0.680994, -0.417199, -0.118694
-0.122573, 0.193303, 0.484702
0.482146, 0.73072, 0.904826
0.904566, 0.991865, 0.982853
0.984992, 0.878011, 0.689293
0.693019, 0.43221, 0.135136
0.139042, -0.17699, -0.470103
-0.467494, -0.719266, -0.8976
-0.897275, -0.989599, -0.985735
-0.987816, -0.885791, -0.701191
-0.704891, -0.447093, -0.151552
-0.155473, 0.160631, 0.455375
0.452716, 0.707614, 0.890128
0.889736, 0.987061, 0.988344
0.990367, 0.893326, 0.712895

-0.927401, -0.997447, -0.970844
-0.973265, -0.849589, -0.647267
-0.651062, -0.380558, -0.0789072
-0.0827517, 0.232348, 0.519265
0.516833, 0.757402, 0.921107
0.921009, 0.996095, 0.974701
0.976973, 0.858191, 0.659787
0.663571, 0.395833, 0.0954336
0.0992984, -0.21617, -0.504992
-0.502507, -0.746436, -0.914485
-0.91432, -0.994488, -0.978232
-0.980449, -0.86655, -0.672138
-0.675899, -0.410997, -0.111933
-0.115816, 0.199934, 0.490581
0.488044, 0.735266, 0.907611
0.90738, 0.992607, 0.981494

-0.564486, -0.79313, -0.941631
-0.941823, -0.9994, -0.960556
-0.963005, -0.827844, -0.616271
-0.620125, -0.343303, -0.0390057
-0.0428023, 0.271022, 0.552996
0.550695, 0.782872, 0.935918
0.93598, 0.998734, 0.96499
0.967394, 0.837, 0.629229
0.633064, 0.358824, 0.0555795
0.0593968, -0.255004, -0.539073
-0.536717, -0.772414, -0.929909
-0.929904, -0.997788, -0.969167
-0.971516, -0.845925, -0.642012
-0.645826, -0.374245, -0.0721364
-0.075974, 0.238918, 0.525002
0.522593, 0.761743, 0.923644

-0.0138202, -0.325014, -0.599226
-0.597126, -0.816806, -0.954359
-0.954648, -0.999784, -0.948661
-0.951242, -0.804771, -0.584303
-0.588201, -0.3055, 0.000955737
-0.00278402, 0.309262, 0.585844
0.583676, 0.807092, 0.949233
0.949456, 0.999777, 0.953739
0.956269, 0.814472, 0.597665
0.601545, 0.321243, 0.0156373
0.0194011, -0.29343, -0.572293
-0.570069, -0.797157, -0.943846
-0.944003, -0.999494, -0.958554
-0.961032, -0.823949, -0.610861
-0.614723, -0.336896, -0.0322248
-0.0360114, 0.277519, 0.558585

0.541443, 0.251203, -0.0575158
-0.053822, -0.362538, -0.630737
-0.628769, -0.839192, -0.96552
-0.965971, -0.998567, -0.935258
-0.937961, -0.780412, -0.551403
-0.555337, -0.26721, 0.0409154
0.0372376, 0.347008, 0.617755
0.615724, 0.830022, 0.961031
0.961414, 0.999222, 0.940964
0.943617, 0.790644, 0.565147
0.569066, 0.283149, -0.0243292
-0.0206251, -0.331387, -0.604597
-0.602509, -0.820626, -0.956276
-0.956593, -0.999603, -0.946409
-0.949012, -0.800657, -0.578734
-0.582638, -0.299009, 0.00773759

0.916619, 0.743869, 0.503325
0.507384, 0.212312, -0.0973293
-0.0937591, -0.399479, -0.661243
-0.659413, -0.860235, -0.975142
-0.97575, -0.995755, -0.920362
-0.923182, -0.754807, -0.517622
-0.521586, -0.228493, 0.0808091
0.0771992, 0.384198, 0.648679
0.646788, 0.851626, 0.971293
0.971836, 0.997072, 0.926685
0.929457, 0.765552, 0.531726
0.535678, 0.244604, -0.0642562
-0.0606176, -0.368814, -0.635936
-0.633986, -0.842783, -0.967178
-0.967654, -0.998114, -0.932753
-0.935476, -0.776086, -0.545683

0.986923, 0.98912, 0.896756
0.899831, 0.716546, 0.468451
0.472436, 0.173102, -0.137033
-0.13353, -0.435784, -0.690688
-0.689, -0.879904, -0.983204
-0.983971, -0.991351, -0.903996
-0.906927, -0.727996, -0.483015
-0.487002, -0.189412, 0.120573
0.117037, 0.420775, 0.678566
0.676818, 0.871869, 0.980004
0.980705, 0.993328, 0.910927
0.913813, 0.739238, 0.497457
0.501436, 0.205668, -0.10408
-0.100513, -0.40565, -0.666258
-0.66445, -0.863594, -0.976534
-0.97717, -0.995032, -0.917607

0.728971, 0.905385, 0.991923
0.99299, 0.982453, 0.878422
0.881496, 0.688109, 0.432755
0.436765, 0.133611, -0.176508
-0.173085, -0.471393, -0.719027
-0.717487, -0.898167, -0.989696
-0.99062, -0.985364, -0.886185
-0.889224, -0.700023, -0.447636
-0.451641, -0.150029, 0.160143
0.156687, 0.456678, 0.707368
0.705766, 0.890718, 0.987149
0.988008, 0.987998, 0.893713
0.896709, 0.711743, 0.462393
0.466392, 0.166404, -0.143737
-0.140246, -0.441838, -0.695514
-0.693852, -0.883025, -0.98433

0.22856, 0.520514, 0.75717
0.755875, 0.921591, 0.996225
0.997366, 0.974247, 0.858607
0.86179, 0.658566, 0.39638
0.400399, 0.093906, -0.215698
-0.212363, -0.506248, -0.746218
-0.744827, -0.914995, -0.994606
-0.995686, -0.977803, -0.866959
-0.870101, -0.670932, -0.411543
-0.415559, -0.110407, 0.199458
0.196086, 0.491851, 0.735039
0.733587, 0.908145, 0.992716
0.993732, 0.981089, 0.875072
0.878172, 0.683112, 0.426592
0.430604, 0.126875, -0.183163
-0.179756, -0.47732, -0.72366

-0.00375547, 0.30837, 0.585085
0.582924, 0.80656, 0.948971
0.949189, 0.999811, 0.954064
0.956591, 0.815059, 0.598455
0.602335, 0.322161, 0.0165936
0.0203587, -0.292529, -0.571532
-0.569305, -0.796612, -0.943569
-0.943721, -0.999512, -0.958864
-0.961339, -0.824523, -0.611642
-0.615503, -0.337809, -0.0331813
-0.0369693, 0.276612, 0.557815
0.555532, 0.786445, 0.937908
0.937994, 0.998938, 0.9634
0.965822, 0.833759, 0.624659
0.628501, 0.353363, 0.0497585
0.0535682, -0.26062, -0.543945

0.018622
93
108
